#CHROM	POS	INFO	REF	ALT	AlphaMissense	PrimateAI-3D	REVEL	LOFTEE-flag	Synonymous-flag	ensembl_gene_id	RouletteMR	RouletteQual	AlphaMissense_MT	PrimateAI-3D_MT	REVEL_MT	SAMPLE_RECURRENCE
10	329447	.	T	C	0.158	0.743	0.175	NA	NA	ENSG00000151240	0.094	1	0.26052	0.30043	0.39367	1
10	5200244	.	G	T	0.904	0.918	0.674	NA	NA	ENSG00000198610	0.062	1	0.96024	0.97692	0.97281	1
10	5766106	.	G	A	0.275	0.775	0.684	NA	NA	ENSG00000057608	2.207	1	0.36799	0.60575	0.58164	1
10	12081504	.	T	C	0.715	0.807	0.518	NA	NA	ENSG00000181192	0.139	1	0.78918	0.75913	0.63566	1
10	13858900	.	G	A	0.991	0.894	0.702	NA	NA	ENSG00000151474	2.408	1	0.92956	0.93246	0.83353	1
10	16851322	.	A	G	NA	NA	NA	NA	1	ENSG00000107611	0.073	1	NA	NA	NA	1
10	17100200	.	T	C	0.054	0.159	0.076	NA	NA	ENSG00000107611	0.416	1	0.00673	0.04774	0.22906	1
10	26157337	.	A	G	0.26	0.749	0.832	NA	NA	ENSG00000095777	0.128	1	0.64215	0.74479	0.85859	1
10	27860700	.	C	T	NA	NA	NA	NA	1	ENSG00000169126	1.715	1	NA	NA	NA	1
10	28583498	.	C	A	NA	NA	NA	1	NA	ENSG00000095787	0.041	NA	NA	NA	NA	1
10	30028858	.	C	G	NA	NA	NA	NA	1	ENSG00000165757	0.03	1	NA	NA	NA	1
10	30459451	.	G	A	0.138	0.58	0.182	NA	NA	ENSG00000107968	2.12	1	0.28102	0.37116	0.41798	1
10	35071297	.	T	C	NA	NA	NA	NA	1	ENSG00000108094	0.139	1	NA	NA	NA	1
10	42797515	.	A	G	0.387	0.808	0.531	NA	NA	ENSG00000165733	0.211	1	0.66721	0.85574	0.95268	1
10	60263887	.	T	C	0.15	NA	0.684	NA	NA	ENSG00000151150	0.051	1	0.3549	NA	0.94915	1
10	62204890	.	T	C	0.205	0.528	0.44	NA	NA	ENSG00000182010	0.163	1	0.71132	0.51663	0.83536	1
10	68691323	.	C	A	0.083	0.396	0.084	NA	NA	ENSG00000138336	0.186	1	0.13965	0.49112	0.51126	1
10	68936967	.	G	T	0.843	0.669	0.27	NA	NA	ENSG00000107625	0.062	1	0.74311	0.69735	0.69197	1
10	70730224	.	C	T	NA	NA	NA	NA	1	ENSG00000138316	0.211	1	NA	NA	NA	1
10	73791170	.	T	C	NA	NA	0.287	NA	NA	ENSG00000214655	0.248	1	NA	NA	0.63941	1
10	87957955	.	C	T	0.941	0.804	0.824	NA	NA	ENSG00000171862	1.966	1	0.55028	0.6693	0.59501	1
10	91855075	.	T	A	NA	NA	NA	NA	1	ENSG00000107854	0.02	1	NA	NA	NA	1
10	92692454	.	A	G	0.06	0.441	0.389	NA	NA	ENSG00000152804	0.223	1	0.01479	0.16849	0.378	1
10	96620537	.	T	A	0.191	0.719	0.313	NA	NA	ENSG00000155629	0.02	1	0.49755	0.80047	0.86422	1
10	96645590	.	C	T	0.466	0.72	0.121	NA	NA	ENSG00000155629	1.609	1	0.66781	0.80155	0.49201	1
10	97047028	.	T	C	0.073	0.637	0.159	NA	NA	ENSG00000187122	0.117	1	0.10413	0.31838	0.14517	1
10	97333884	.	C	G	0.088	0.265	0.019	NA	NA	ENSG00000181274	0.051	1	0.13685	0.06654	0.06839	1
10	102160494	.	C	G	0.092	0.387	0.049	NA	NA	ENSG00000166197	0.073	1	0.33924	0.26812	0.23655	1
10	119582475	.	C	T	0.895	0.665	0.37	NA	NA	ENSG00000151923	0.105	1	0.64829	0.33934	0.61777	1
10	126996858	.	T	A	0.938	0.879	0.361	NA	NA	ENSG00000150760	0.03	1	0.84455	0.89564	0.69456	1
10	127018794	.	C	A	0.975	0.897	0.542	NA	NA	ENSG00000150760	0.03	1	0.89937	0.92287	0.86234	1
10	133168288	.	C	T	NA	NA	NA	NA	1	ENSG00000171798	1.966	1	NA	NA	NA	1
10	133239718	.	G	A	0.619	0.493	0.685	NA	NA	ENSG00000151650	2.04	1	0.88504	0.73923	0.88471	1
11	428533	.	G	A	0.117	0.523	0.322	NA	NA	ENSG00000185101	2.659	1	0.3812	0.56088	0.6554	1
11	557631	.	C	T	0.234	0.376	0.062	NA	NA	ENSG00000185522	0.163	1	0.77563	0.60278	0.39039	1
11	3228180	.	G	A	0.089	0.385	0.011	NA	NA	ENSG00000184350	0.174	1	0.1198	0.56665	0.0851	1
11	3827656	.	T	C	NA	NA	NA	NA	1	ENSG00000177105	0.236	1	NA	NA	NA	1
11	6456126	.	G	A	NA	NA	NA	NA	1	ENSG00000110171	2.659	1	NA	NA	NA	1
11	6639972	.	C	A	0.525	0.676	0.564	NA	NA	ENSG00000166341	0.073	1	0.78405	0.72297	0.91436	1
11	9440530	.	G	T	0.402	0.825	0.335	NA	NA	ENSG00000205339	0.051	1	0.40795	0.57785	0.43426	1
11	22749127	.	G	A	0.213	0.626	0.197	NA	NA	ENSG00000148935	0.274	1	0.35621	0.25195	0.26965	1
11	26534508	.	A	C	0.257	0.638	0.537	NA	NA	ENSG00000134343	0.02	1	0.42615	0.41648	0.66574	1
11	26635054	.	G	A	0.112	0.612	0.379	NA	NA	ENSG00000134343	2.526	1	0.21722	0.36931	0.52719	1
11	32613714	.	T	C	NA	NA	NA	NA	1	ENSG00000186714	0.117	1	NA	NA	NA	1
11	32853306	.	G	A	0.072	0.189	0.244	NA	NA	ENSG00000135378	2.526	1	0.10742	0.0116	0.12571	1
11	32935178	.	G	A	0.114	0.657	0.12	NA	NA	ENSG00000060749	1.897	1	0.42409	0.63245	0.55455	1
11	33287031	.	G	A	1.0	0.916	0.983	NA	NA	ENSG00000110422	0.163	1	0.99468	0.93319	0.99969	1
11	44053419	.	G	A	0.098	0.456	0.178	NA	NA	ENSG00000205126	1.715	1	0.48741	0.57858	0.53362	1
11	44594676	.	G	A	0.638	0.632	0.482	NA	NA	ENSG00000085117	0.236	1	0.77111	0.737	0.64972	1
11	45902669	.	C	T	0.093	0.489	0.069	NA	NA	ENSG00000121653	2.303	1	0.18262	0.21169	0.21565	1
11	45936571	.	T	C	NA	NA	NA	1	NA	ENSG00000135365	0.094	NA	NA	NA	NA	1
11	46869023	.	A	C	0.969	0.911	0.773	NA	NA	ENSG00000134569	0.051	1	0.83155	0.94178	0.61068	1
11	57646360	.	C	T	NA	NA	NA	NA	1	ENSG00000166793	1.309	1	NA	NA	NA	1
11	57695962	.	G	T	0.153	0.517	0.134	NA	NA	ENSG00000156599	0.03	1	0.3602	0.2303	0.26764	1
11	60936430	.	G	C	0.312	0.728	0.25	NA	NA	ENSG00000006118	0.051	1	0.79064	0.9113	0.86064	1
11	61411923	.	C	T	0.988	0.747	0.601	NA	NA	ENSG00000149532	1.833	1	0.94016	0.72161	0.85883	1
11	63904916	.	C	T	NA	NA	NA	1	NA	ENSG00000072518	2.303	NA	NA	NA	NA	1
11	64223152	.	A	G	0.084	0.555	0.388	NA	NA	ENSG00000149781	0.117	1	0.10438	0.32652	0.64061	1
11	64298178	.	G	C	0.954	0.945	0.199	NA	NA	ENSG00000182450	0.041	1	0.93637	0.97695	0.72389	1
11	64569741	.	T	C	0.088	0.456	0.247	NA	NA	ENSG00000168065	0.073	1	0.15952	0.54111	0.57494	1
11	65531684	.	G	T	NA	NA	NA	1	NA	ENSG00000142186	0.083	NA	NA	NA	NA	1
11	66020872	.	G	A	NA	NA	NA	NA	1	ENSG00000175294	0.198	1	NA	NA	NA	1
11	66057337	.	C	T	0.412	0.709	0.225	NA	NA	ENSG00000087365	1.715	1	0.47294	0.48881	0.5352	1
11	66700714	.	C	T	0.108	0.587	0.176	NA	NA	ENSG00000173898	1.661	1	0.24239	0.37726	0.37181	1
11	68548171	.	C	T	NA	NA	NA	NA	1	ENSG00000110075	1.609	1	NA	NA	NA	1
11	69054739	.	C	T	0.344	0.792	0.8	NA	NA	ENSG00000162341	2.813	1	0.63386	0.85932	0.77157	1
11	78101099	.	G	T	NA	NA	0.185	NA	NA	ENSG00000159063	0.02	1	NA	NA	0.29705	1
11	82849195	.	C	A	NA	NA	NA	1	NA	ENSG00000137509	0.02	NA	NA	NA	NA	1
11	88509112	.	G	A	0.08	0.512	0.358	NA	NA	ENSG00000168959	0.446	1	0.10821	0.22248	0.35446	1
11	100002126	.	G	A	0.578	0.812	0.784	NA	NA	ENSG00000149972	0.117	1	0.73136	0.849	0.90218	1
11	102694965	.	A	G	NA	NA	NA	1	NA	ENSG00000137675	0.073	NA	NA	NA	NA	1
11	108491100	.	A	C	NA	NA	NA	NA	1	ENSG00000178202	0.02	1	NA	NA	NA	1
11	108510426	.	C	A	0.103	0.442	0.04	NA	NA	ENSG00000110723	0.03	1	0.40667	0.76808	0.25203	1
11	111281435	.	T	A	NA	0.692	0.331	NA	NA	ENSG00000150750	0.041	1	NA	0.84027	0.9049	1
11	113697399	.	G	A	NA	NA	NA	NA	1	ENSG00000166682	2.207	1	NA	NA	NA	1
11	118478092	.	C	T	0.998	NA	0.772	NA	NA	ENSG00000118058	2.207	1	0.95752	NA	0.91767	1
11	118614643	.	C	T	NA	NA	NA	1	NA	ENSG00000019144	1.966	NA	NA	NA	NA	1
11	118628363	.	C	T	0.113	0.569	0.072	NA	NA	ENSG00000019144	1.833	1	0.27776	0.33105	0.22543	1
11	120137256	.	G	C	0.977	0.726	0.371	NA	NA	ENSG00000137699	0.105	1	0.93604	0.91315	0.95371	1
11	123977264	.	G	C	0.269	0.82	0.477	NA	NA	ENSG00000196248	0.051	1	0.83221	0.96634	0.96028	1
11	126003972	.	T	G	0.845	0.878	0.55	NA	NA	ENSG00000064309	0.051	1	0.91411	0.90631	0.91285	1
11	126345503	.	A	G	0.128	0.498	0.287	NA	NA	ENSG00000110063	0.062	1	0.33519	0.31439	0.45351	1
11	128772881	.	T	A	0.29	0.769	0.199	NA	NA	ENSG00000151702	0.041	1	0.38903	0.52296	0.42453	1
11	134277790	.	C	T	NA	NA	NA	NA	1	ENSG00000166105	0.128	1	NA	NA	NA	1
11	134313950	.	G	C	0.166	0.525	0.392	NA	NA	ENSG00000166105	0.051	1	0.59668	0.5643	0.53137	1
12	868440	.	C	A	NA	NA	0.087	NA	NA	ENSG00000060237	0.03	1	NA	NA	0.30977	1
12	4299980	.	C	G	0.976	0.728	0.749	NA	NA	ENSG00000118971	0.073	1	0.84102	0.6796	0.95451	1
12	6526918	.	T	C	0.117	0.523	0.493	NA	NA	ENSG00000010292	0.117	1	0.45915	0.37642	0.8391	1
12	13608697	.	G	A	0.997	0.908	0.645	NA	NA	ENSG00000273079	0.139	1	0.92751	0.91626	0.86882	1
12	13615611	.	C	A	1.0	0.968	0.871	NA	NA	ENSG00000273079	0.051	1	0.97536	0.98305	0.97774	1
12	15499459	.	A	G	0.263	0.652	0.144	NA	NA	ENSG00000151490	0.128	1	0.49642	0.58654	0.37232	1
12	21076493	.	A	G	0.072	0.248	0.168	NA	NA	ENSG00000257046	0.151	1	0.11982	0.19939	0.50646	1
12	21575996	.	T	G	0.057	0.286	0.171	NA	NA	ENSG00000111713	0.094	1	0.00848	0.04385	0.21342	1
12	22684526	.	A	G	0.079	0.439	0.119	NA	NA	ENSG00000139163	0.174	1	0.08651	0.11215	0.4521	1
12	38675774	.	C	G	0.998	0.932	0.609	NA	NA	ENSG00000139117	0.094	1	0.95487	0.94333	0.87112	1
12	45421244	.	C	T	NA	NA	NA	NA	1	ENSG00000177119	0.174	1	NA	NA	NA	1
12	48967950	.	C	T	0.926	0.823	0.936	NA	NA	ENSG00000169884	1.897	1	0.83807	0.82998	0.94447	1
12	49031879	.	C	T	0.298	0.502	0.431	NA	NA	ENSG00000167548	0.128	1	0.54402	0.34688	0.58981	1
12	49097989	.	T	C	0.346	0.7	0.124	NA	NA	ENSG00000139636	0.03	1	0.60226	0.52595	0.38324	1
12	50708494	.	G	A	0.216	0.706	0.109	NA	NA	ENSG00000066084	0.186	1	0.312	0.29559	0.11822	1
12	51240894	.	C	A	0.319	0.493	0.139	NA	NA	ENSG00000183283	0.051	1	0.39262	0.27341	0.38708	1
12	51688784	.	G	A	0.977	0.895	0.965	NA	NA	ENSG00000196876	0.163	1	0.78199	0.73125	0.95052	1
12	51765750	.	T	A	0.999	0.989	0.995	NA	NA	ENSG00000196876	0.02	1	0.96015	0.98216	0.99955	1
12	51786566	.	G	A	0.983	0.922	0.884	NA	NA	ENSG00000196876	2.526	1	0.8046	0.80138	0.68983	1
12	51789350	.	G	A	0.978	0.93	0.96	NA	NA	ENSG00000196876	1.897	1	0.78624	0.82504	0.93198	1
12	51789419	.	A	G	NA	NA	NA	1	NA	ENSG00000196876	0.223	NA	NA	NA	NA	1
12	51806887	.	C	G	0.807	0.831	0.959	NA	NA	ENSG00000196876	0.041	1	0.54713	0.58648	0.92842	1
12	51807116	.	A	G	0.75	0.75	0.782	NA	NA	ENSG00000196876	0.357	1	0.51758	0.40501	0.49623	1
12	52611232	.	C	A	0.371	0.563	0.621	NA	NA	ENSG00000186049	0.315	1	0.84693	0.60749	0.7587	1
12	53196789	.	C	A	NA	NA	NA	NA	1	ENSG00000139626	0.094	1	NA	NA	NA	1
12	55426309	.	C	T	0.097	0.429	0.062	NA	NA	ENSG00000185821	2.996	1	0.23368	0.50035	0.29585	1
12	55822400	.	C	T	0.142	0.569	0.074	NA	NA	ENSG00000135392	1.139	1	0.50472	0.62931	0.42201	1
12	55956109	.	T	C	0.136	0.358	0.108	NA	NA	ENSG00000185664	0.198	1	0.60137	0.30152	0.59562	1
12	56613197	.	G	A	0.109	0.53	0.121	NA	NA	ENSG00000076108	1.966	1	0.27657	0.38834	0.36025	1
12	70661093	.	C	T	0.381	0.616	0.419	NA	NA	ENSG00000153233	0.128	1	0.70298	0.59862	0.7586	1
12	80811556	.	C	A	0.984	0.799	0.302	NA	NA	ENSG00000111052	0.062	1	0.76978	0.72714	0.57543	1
12	93395510	.	G	A	0.385	0.75	0.49	NA	NA	ENSG00000173598	0.117	1	0.33732	0.38804	0.75681	1
12	100095795	.	A	C	0.626	0.787	0.35	NA	NA	ENSG00000111647	0.03	1	0.81257	0.84049	0.7943	1
12	107734246	.	C	T	NA	NA	NA	NA	1	ENSG00000110851	0.211	1	NA	NA	NA	1
12	108898729	.	A	G	0.197	0.63	0.347	NA	NA	ENSG00000110887	0.03	1	0.4269	0.49865	0.38134	1
12	109574855	.	G	C	NA	NA	NA	NA	1	ENSG00000110921	0.094	1	NA	NA	NA	1
12	116008695	.	G	A	0.063	0.599	0.289	NA	NA	ENSG00000123066	0.186	1	0.04135	0.32791	0.42186	1
12	118027979	.	G	T	0.993	0.976	0.768	NA	NA	ENSG00000111445	0.051	1	0.92203	0.9897	0.84585	1
12	118401788	.	C	T	NA	NA	NA	1	NA	ENSG00000111707	0.117	NA	NA	NA	NA	1
12	119145522	.	C	T	0.089	0.694	0.045	NA	NA	ENSG00000139767	1.022	1	0.23934	0.79996	0.28222	1
12	120716691	.	G	A	0.979	0.862	0.497	NA	NA	ENSG00000175970	2.12	1	0.72787	0.71507	0.61378	1
12	121775083	.	G	A	0.062	0.275	0.017	NA	NA	ENSG00000188735	2.813	1	0.02444	0.03826	0.01985	1
12	122959776	.	C	T	0.09	0.453	0.551	NA	NA	ENSG00000150967	1.561	1	0.21548	0.20563	0.50345	1
12	124355464	.	C	T	0.085	0.349	0.064	NA	NA	ENSG00000196498	2.526	1	0.15332	0.10384	0.21381	1
12	124378341	.	G	A	0.088	0.498	0.126	NA	NA	ENSG00000196498	2.12	1	0.17028	0.27455	0.41685	1
12	130361337	.	T	C	0.972	0.797	0.612	NA	NA	ENSG00000125207	0.105	1	0.89832	0.84091	0.91419	1
12	132851699	.	C	T	0.083	0.429	0.066	NA	NA	ENSG00000072609	1.715	1	0.27748	0.29132	0.28203	1
12	70555870	.	G	A	NA	0.823	0.371	NA	NA	ENSG00000127329	2.526	1	NA	0.85849	0.76662	1
13	19438136	.	C	T	0.086	0.236	0.412	NA	NA	ENSG00000132958	0.128	1	0.21267	0.06264	0.56066	1
13	20988752	.	G	A	0.073	0.381	0.064	NA	NA	ENSG00000150457	0.223	1	0.13973	0.19671	0.21159	1
13	21155769	.	T	C	0.057	0.131	0.021	NA	NA	ENSG00000165480	0.462	1	0.0162	0.00919	0.20393	1
13	35550528	.	C	T	NA	NA	NA	1	NA	ENSG00000172915	1.966	NA	NA	NA	NA	1
13	41260808	.	G	A	0.069	0.438	0.026	NA	NA	ENSG00000120662	0.329	1	0.08029	0.28204	0.13369	1
13	42301640	.	C	G	0.105	0.385	0.042	NA	NA	ENSG00000023516	0.03	1	0.41934	0.31853	0.24114	1
13	45969256	.	A	G	NA	NA	NA	NA	1	ENSG00000123200	0.073	1	NA	NA	NA	1
13	46150955	.	T	C	0.35	0.723	0.872	NA	NA	ENSG00000136167	0.186	1	0.46018	0.39516	0.80461	1
13	51675180	.	A	G	NA	NA	NA	NA	1	ENSG00000139668	0.211	1	NA	NA	NA	1
13	60010576	.	C	T	0.091	0.466	0.499	NA	NA	ENSG00000139734	0.139	1	0.29715	0.3122	0.67216	1
13	72783497	.	A	G	0.093	0.514	0.065	NA	NA	ENSG00000083535	0.163	1	0.22126	0.2713	0.20961	1
13	101081566	.	C	A	NA	NA	NA	NA	1	ENSG00000102452	0.105	1	NA	NA	NA	1
13	110162238	.	T	C	0.994	0.901	0.965	NA	NA	ENSG00000187498	0.105	1	0.95047	0.97134	0.92862	1
13	110178196	.	C	T	0.99	0.819	0.962	NA	NA	ENSG00000187498	2.303	1	0.91834	0.85963	0.90943	1
13	110651098	.	G	T	0.18	0.415	0.168	NA	NA	ENSG00000134905	0.041	1	0.58309	0.3051	0.56896	1
14	20034379	.	C	T	0.516	0.615	0.212	NA	NA	ENSG00000176253	0.128	1	0.74148	0.82361	0.92241	1
14	22770595	.	A	G	NA	NA	NA	NA	1	ENSG00000155463	0.094	1	NA	NA	NA	1
14	23475281	.	A	T	NA	NA	0.041	NA	NA	ENSG00000129460	0.03	1	NA	NA	0.12718	1
14	23523844	.	G	T	NA	NA	NA	1	NA	ENSG00000136367	0.051	NA	NA	NA	NA	1
14	24132794	.	C	T	0.132	0.555	0.072	NA	NA	ENSG00000139914	1.273	1	0.28157	0.48014	0.14492	1
14	24322182	.	G	T	0.269	0.496	0.242	NA	NA	ENSG00000129467	0.02	1	0.49281	0.26682	0.33513	1
14	24574812	.	T	G	NA	NA	NA	1	NA	ENSG00000100448	0.03	NA	NA	NA	NA	1
14	28767840	.	C	A	1.0	0.875	0.709	NA	NA	ENSG00000176165	0.117	1	0.9021	0.92244	0.77495	1
14	32546190	.	C	T	0.121	0.59	0.104	NA	NA	ENSG00000151320	1.833	1	0.45646	0.5115	0.47292	1
14	35572711	.	T	C	0.989	0.969	0.719	NA	NA	ENSG00000174373	0.163	1	0.92921	0.97778	0.79834	1
14	51010454	.	C	T	0.698	0.852	0.386	NA	NA	ENSG00000100505	2.996	1	0.53858	0.73572	0.64147	1
14	55436910	.	C	T	0.071	0.309	0.088	NA	NA	ENSG00000182521	0.117	1	0.20653	0.17773	0.34177	1
14	56296877	.	G	A	0.115	0.615	0.103	NA	NA	ENSG00000139946	2.207	1	0.16843	0.18793	0.1577	1
14	59607472	.	G	A	0.777	0.903	0.716	NA	NA	ENSG00000139970	2.207	1	0.87184	0.7746	0.97698	1
14	63980658	.	T	G	0.408	0.717	0.522	NA	NA	ENSG00000054654	0.163	1	0.8533	0.88293	0.94519	1
14	67089061	.	G	A	1.0	0.985	0.903	NA	NA	ENSG00000171723	0.128	1	0.96016	0.99044	0.96127	1
14	71709359	.	C	T	NA	NA	NA	NA	1	ENSG00000197555	0.174	1	NA	NA	NA	1
14	73109446	.	G	A	0.674	0.783	0.314	NA	NA	ENSG00000119707	2.207	1	0.52108	0.52426	0.722	1
14	73593840	.	A	G	0.064	0.234	0.015	NA	NA	ENSG00000177465	0.062	1	0.02504	0.05097	0.03623	1
14	73729708	.	G	A	0.621	0.791	0.557	NA	NA	ENSG00000156030	0.094	1	0.75308	0.81938	0.95962	1
14	100882007	.	G	A	0.612	0.654	0.188	NA	NA	ENSG00000254656	2.408	1	0.88201	0.94351	0.84196	1
14	101894548	.	C	T	NA	NA	NA	NA	1	ENSG00000078304	0.174	1	NA	NA	NA	1
14	103559996	.	C	T	0.196	0.738	0.616	NA	NA	ENSG00000166170	0.916	1	0.46716	0.6988	0.7711	1
14	104152448	.	C	T	0.396	0.689	0.665	NA	NA	ENSG00000066735	2.207	1	0.83916	0.71545	0.92542	1
14	105382901	.	G	A	0.881	0.719	0.271	NA	NA	ENSG00000179364	1.966	1	0.84748	0.59279	0.68904	1
14	95443184	.	C	T	NA	0.356	0.077	NA	NA	ENSG00000176438	2.04	1	NA	0.30564	0.43847	1
15	26561107	.	T	C	0.974	0.849	0.984	NA	NA	ENSG00000166206	0.511	1	0.75182	0.81793	0.99771	1
15	26621417	.	C	T	0.996	0.821	0.919	NA	NA	ENSG00000166206	1.966	1	0.86981	0.75829	0.92338	1
15	26621447	.	T	C	0.924	0.864	0.849	NA	NA	ENSG00000166206	0.083	1	0.6617	0.84837	0.8122	1
15	31002720	.	C	T	0.072	0.374	0.023	NA	NA	ENSG00000134160	2.408	1	0.08166	0.12071	0.02878	1
15	33857876	.	G	A	0.103	NA	0.407	NA	NA	ENSG00000198838	1.609	1	0.16241	NA	0.27163	1
15	40272334	.	T	A	NA	NA	NA	NA	1	ENSG00000137843	0.013	1	NA	NA	NA	1
15	41457774	.	T	C	0.883	0.871	0.431	NA	NA	ENSG00000137815	0.211	1	0.67338	0.7452	0.72724	1
15	41872389	.	G	A	0.111	0.332	0.01	NA	NA	ENSG00000137877	0.163	1	0.61035	0.49984	0.01629	1
15	48412633	.	T	C	0.177	0.84	0.589	NA	NA	ENSG00000166147	0.598	1	0.33645	0.61838	0.41748	1
15	50257440	.	G	A	NA	NA	NA	NA	1	ENSG00000140287	2.303	1	NA	NA	NA	1
15	52323393	.	G	A	NA	NA	NA	1	NA	ENSG00000197535	2.04	NA	NA	NA	NA	1
15	52757727	.	C	T	0.996	0.905	0.726	NA	NA	ENSG00000169856	2.813	1	0.80024	0.82102	0.86829	1
15	58772231	.	G	A	NA	NA	NA	1	NA	ENSG00000128923	0.139	NA	NA	NA	NA	1
15	63632805	.	C	A	0.741	0.915	0.861	NA	NA	ENSG00000103657	0.041	1	0.64432	0.82301	0.95915	1
15	65155009	.	G	A	NA	NA	NA	1	NA	ENSG00000166855	1.609	NA	NA	NA	NA	1
15	65877769	.	C	T	0.998	0.94	0.941	NA	NA	ENSG00000103769	1.609	1	0.86062	0.88514	0.93305	1
15	72169856	.	G	A	0.069	0.243	0.004	NA	NA	ENSG00000175318	2.526	1	0.05943	0.08355	0.00178	1
15	73343637	.	C	G	NA	NA	NA	NA	1	ENSG00000138622	0.03	1	NA	NA	NA	1
15	75018813	.	G	T	0.983	0.97	0.649	NA	NA	ENSG00000198794	0.151	1	0.88393	0.97185	0.90525	1
15	84620980	.	G	C	0.158	0.459	0.11	NA	NA	ENSG00000176371	0.03	1	0.45564	0.51406	0.58516	1
15	84621123	.	G	A	0.282	0.468	0.082	NA	NA	ENSG00000176371	1.897	1	0.56731	0.52734	0.49247	1
15	89319345	.	C	T	0.091	0.318	0.401	NA	NA	ENSG00000140521	2.04	1	0.22872	0.09878	0.34567	1
15	90887045	.	G	C	0.607	0.71	0.177	NA	NA	ENSG00000182511	0.041	1	0.71634	0.63285	0.31949	1
15	90893319	.	G	A	NA	NA	NA	NA	1	ENSG00000182511	1.661	1	NA	NA	NA	1
15	92949077	.	G	A	NA	NA	NA	1	NA	ENSG00000173575	0.163	NA	NA	NA	NA	1
15	93012354	.	G	T	1.0	0.951	0.895	NA	NA	ENSG00000173575	0.073	1	0.97823	0.94685	0.95195	1
16	1220635	.	A	G	0.056	0.136	0.023	NA	NA	ENSG00000196557	0.163	1	0.00749	0.0035	0.00171	1
16	3317797	.	T	C	NA	NA	NA	NA	1	ENSG00000162086	0.431	1	NA	NA	NA	1
16	3731235	.	C	T	0.999	0.908	0.983	NA	NA	ENSG00000005339	0.174	1	0.94412	0.85246	0.99614	1
16	3731240	.	G	A	NA	NA	NA	NA	1	ENSG00000005339	2.207	1	NA	NA	NA	1
16	4888112	.	A	G	0.469	0.644	0.538	NA	NA	ENSG00000118898	0.073	1	0.90037	0.65807	0.91914	1
16	8768931	.	T	G	0.947	0.676	0.538	NA	NA	ENSG00000183044	0.051	1	0.83916	0.39666	0.41937	1
16	8904558	.	A	G	NA	NA	NA	NA	1	ENSG00000187555	0.041	1	NA	NA	NA	1
16	9840935	.	C	G	NA	NA	NA	1	NA	ENSG00000183454	0.062	NA	NA	NA	NA	1
16	11896560	.	A	C	0.998	0.984	0.878	NA	NA	ENSG00000103342	0.03	1	0.87804	0.98827	0.96172	1
16	19581576	.	A	G	0.165	0.707	0.315	NA	NA	ENSG00000103544	0.357	1	0.35639	0.4326	0.63079	1
16	20798958	.	T	C	0.066	0.184	0.009	NA	NA	ENSG00000196678	0.041	1	0.08627	0.04792	0.03613	1
16	23702481	.	G	A	NA	NA	NA	NA	1	ENSG00000134398	0.094	1	NA	NA	NA	1
16	28477562	.	C	T	0.986	0.925	0.67	NA	NA	ENSG00000188603	0.128	1	0.97052	0.96705	0.68328	1
16	28835134	.	C	T	0.934	0.792	0.213	NA	NA	ENSG00000168488	0.186	1	0.86858	0.80404	0.70055	1
16	31418082	.	C	A	0.096	0.484	0.067	NA	NA	ENSG00000156886	0.041	1	0.33029	0.53655	0.27863	1
16	50368756	.	T	C	0.978	0.792	0.112	NA	NA	ENSG00000166164	0.041	1	0.94338	0.88514	0.44243	1
16	55525579	.	G	A	NA	NA	NA	1	NA	ENSG00000087253	0.163	NA	NA	NA	NA	1
16	56351468	.	A	C	0.998	0.964	0.974	NA	NA	ENSG00000087258	0.03	1	0.91579	0.93987	0.99049	1
16	56351484	.	T	C	0.993	0.956	0.98	NA	NA	ENSG00000087258	0.083	1	0.86549	0.906	0.9951	1
16	57061478	.	C	T	NA	NA	0.031	NA	NA	ENSG00000140853	1.386	1	NA	NA	0.21677	1
16	67347500	.	C	T	NA	NA	NA	1	NA	ENSG00000159708	2.12	NA	NA	NA	NA	1
16	67827317	.	G	C	0.168	0.51	0.205	NA	NA	ENSG00000102904	0.062	1	0.52866	0.45386	0.73769	1
16	69245658	.	C	G	0.285	0.594	0.301	NA	NA	ENSG00000168807	0.083	1	0.43223	0.41299	0.68354	1
16	81042433	.	G	A	NA	NA	NA	NA	1	ENSG00000166454	0.128	1	NA	NA	NA	1
16	81919631	.	C	T	NA	NA	NA	NA	1	ENSG00000197943	1.897	1	NA	NA	NA	1
16	87336175	.	G	T	1.0	0.817	0.343	NA	NA	ENSG00000103264	0.073	1	0.98706	0.80619	0.60667	1
16	88734654	.	C	T	0.068	0.455	0.036	NA	NA	ENSG00000103335	1.561	1	0.04906	0.37839	0.20108	1
16	89532532	.	T	C	0.966	0.901	0.975	NA	NA	ENSG00000197912	0.083	1	0.91579	0.91837	0.98736	1
16	2002418	.	T	C	NA	0.861	0.657	NA	NA	ENSG00000167962	0.635	1	NA	0.92291	0.98939	1
16	50216170	.	C	T	NA	NA	0.387	NA	NA	ENSG00000121274	2.659	1	NA	NA	0.77911	1
17	1056095	.	C	G	0.946	0.891	0.479	NA	NA	ENSG00000159842	0.041	1	0.74948	0.84438	0.77856	1
17	1937623	.	C	T	0.055	0.209	0.043	NA	NA	ENSG00000185924	1.897	1	0.01912	0.02536	0.07917	1
17	7414663	.	G	A	0.999	0.985	0.937	NA	NA	ENSG00000169992	0.151	1	0.96909	0.99549	0.98981	1
17	7462302	.	C	T	0.143	0.55	0.111	NA	NA	ENSG00000174282	0.117	1	0.34367	0.53665	0.47383	1
17	7934524	.	G	C	0.447	0.73	0.167	NA	NA	ENSG00000170037	0.02	1	0.88358	0.87941	0.65664	1
17	11929985	.	G	A	NA	NA	NA	NA	1	ENSG00000007174	0.128	1	NA	NA	NA	1
17	14345631	.	C	T	NA	NA	NA	NA	1	ENSG00000125430	0.094	1	NA	NA	NA	1
17	17260300	.	C	A	NA	NA	NA	1	NA	ENSG00000141030	0.094	NA	NA	NA	NA	1
17	18184484	.	G	A	0.935	0.765	0.308	NA	NA	ENSG00000091542	0.174	1	0.59621	0.58251	0.68508	1
17	19019468	.	C	T	NA	NA	NA	NA	1	ENSG00000154025	1.772	1	NA	NA	NA	1
17	30427453	.	C	T	0.698	0.768	0.464	NA	NA	ENSG00000108582	0.117	1	0.74088	0.68742	0.82915	1
17	31338739	.	C	G	NA	NA	NA	1	NA	ENSG00000196712	0.083	NA	NA	NA	NA	1
17	34962454	.	T	G	0.939	0.616	0.214	NA	NA	ENSG00000198783	0.041	1	0.89158	0.63284	0.7181	1
17	41381204	.	G	A	0.084	0.478	0.08	NA	NA	ENSG00000131737	3.219	1	0.10738	0.34132	0.15833	1
17	41478408	.	G	A	0.219	0.755	0.723	NA	NA	ENSG00000197079	2.659	1	0.65839	0.89554	0.84629	1
17	41855140	.	T	A	0.199	0.541	0.223	NA	NA	ENSG00000178502	0.02	1	0.34205	0.23152	0.32066	1
17	42128338	.	G	A	NA	NA	NA	1	NA	ENSG00000108774	0.128	NA	NA	NA	NA	1
17	42178887	.	G	A	NA	NA	NA	NA	1	ENSG00000089558	0.128	1	NA	NA	NA	1
17	44148993	.	G	A	0.225	0.709	0.368	NA	NA	ENSG00000125319	2.12	1	0.73278	0.8368	0.89366	1
17	45244879	.	C	T	0.831	0.859	0.654	NA	NA	ENSG00000184922	2.12	1	0.83179	0.90355	0.80965	1
17	47429854	.	A	G	0.112	0.384	0.068	NA	NA	ENSG00000178852	0.139	1	0.37863	0.6529	0.45735	1
17	47819026	.	C	A	0.937	0.828	0.326	NA	NA	ENSG00000006025	0.357	1	0.86662	0.81676	0.74573	1
17	47916472	.	C	T	0.24	0.387	0.051	NA	NA	ENSG00000167182	1.966	1	0.29637	0.09041	0.09724	1
17	48056530	.	G	A	0.081	0.464	0.043	NA	NA	ENSG00000082641	1.273	1	0.10845	0.14554	0.07609	1
17	50473732	.	C	T	0.422	0.876	0.552	NA	NA	ENSG00000167107	1.897	1	0.7351	0.93492	0.80412	1
17	56466361	.	A	G	NA	NA	NA	NA	1	ENSG00000153930	0.105	1	NA	NA	NA	1
17	58203219	.	T	C	0.166	0.53	0.333	NA	NA	ENSG00000121053	0.4	1	0.51151	0.40154	0.4774	1
17	59681369	.	T	C	1.0	0.979	0.709	NA	NA	ENSG00000141367	0.094	1	0.97441	0.96436	0.92146	1
17	61400307	.	C	T	0.627	0.692	0.527	NA	NA	ENSG00000121068	0.868	1	0.67526	0.61142	0.63487	1
17	74310026	.	G	A	0.132	0.623	0.212	NA	NA	ENSG00000171595	1.609	1	0.34118	0.43708	0.41138	1
17	74743321	.	C	A	0.184	0.633	0.357	NA	NA	ENSG00000172794	0.094	1	0.42867	0.41636	0.48892	1
17	75755797	.	G	A	0.064	0.148	0.104	NA	NA	ENSG00000132470	2.408	1	0.0296	0.00397	0.10329	1
17	75757017	.	G	A	0.134	0.638	0.141	NA	NA	ENSG00000132470	1.966	1	0.39494	0.51395	0.16617	1
17	78434133	.	G	A	0.283	0.866	0.323	NA	NA	ENSG00000187775	2.659	1	0.52041	0.85655	0.63289	1
17	78997374	.	G	A	NA	NA	NA	NA	1	ENSG00000171302	2.12	1	NA	NA	NA	1
17	80249281	.	C	A	NA	NA	NA	NA	1	ENSG00000181045	0.041	1	NA	NA	NA	1
17	80892807	.	G	A	0.196	0.732	0.268	NA	NA	ENSG00000141564	2.408	1	0.26662	0.27729	0.51046	1
17	81200376	.	C	T	0.062	0.101	0.048	NA	NA	ENSG00000141577	2.526	1	0.01609	0.00124	0.27277	1
17	81958992	.	G	A	0.503	0.793	0.254	NA	NA	ENSG00000185269	0.163	1	0.75526	0.77437	0.53784	1
17	82079367	.	T	C	0.076	0.388	0.075	NA	NA	ENSG00000169710	0.261	1	0.09902	0.2012	0.25809	1
17	82093413	.	C	T	0.933	0.785	0.431	NA	NA	ENSG00000169710	0.128	1	0.95528	0.79662	0.79949	1
17	82236174	.	G	A	0.231	0.61	0.205	NA	NA	ENSG00000141526	1.079	1	0.41465	0.41188	0.3721	1
18	2697849	.	G	A	0.571	0.683	0.223	NA	NA	ENSG00000101596	0.174	1	0.70883	0.64778	0.64452	1
18	6964685	.	T	G	NA	NA	NA	NA	1	ENSG00000101680	0.02	1	NA	NA	NA	1
18	9255263	.	A	G	0.369	0.739	0.333	NA	NA	ENSG00000101745	0.174	1	0.65725	0.70006	0.67485	1
18	9263878	.	G	A	0.957	0.841	0.315	NA	NA	ENSG00000101745	0.198	1	0.89929	0.86562	0.65971	1
18	23464086	.	A	G	0.84	0.855	0.515	NA	NA	ENSG00000101782	0.128	1	0.70643	0.87244	0.80006	1
18	31399526	.	C	A	0.107	0.305	0.013	NA	NA	ENSG00000175065	0.151	1	0.33263	0.13826	0.00787	1
18	31538854	.	C	T	NA	NA	NA	NA	1	ENSG00000046604	0.105	1	NA	NA	NA	1
18	46089979	.	C	G	0.993	0.858	0.825	NA	NA	ENSG00000152234	0.02	1	0.7383	0.60558	0.56458	1
18	46253797	.	G	C	0.957	0.7	0.396	NA	NA	ENSG00000152242	0.051	1	0.92336	0.59298	0.82918	1
18	49839152	.	G	A	0.401	0.784	0.429	NA	NA	ENSG00000167306	1.561	1	0.61756	0.68581	0.5834	1
18	58330805	.	C	G	0.185	0.718	0.692	NA	NA	ENSG00000049759	0.198	1	0.28303	0.3595	0.82876	1
18	63556166	.	T	C	0.098	0.471	0.457	NA	NA	ENSG00000166634	0.083	1	0.25059	0.56824	0.68084	1
18	75287641	.	C	T	0.926	0.854	0.44	NA	NA	ENSG00000179981	2.526	1	0.81087	0.65508	0.89981	1
19	761657	.	C	T	NA	NA	NA	NA	1	ENSG00000099812	0.186	1	NA	NA	NA	1
19	994317	.	G	C	NA	NA	NA	NA	1	ENSG00000065268	0.062	1	NA	NA	NA	1
19	1085811	.	C	A	0.174	NA	0.14	NA	NA	ENSG00000180448	0.151	1	0.5482	NA	0.60889	1
19	1828144	.	G	A	NA	NA	NA	NA	1	ENSG00000079313	1.386	1	NA	NA	NA	1
19	3527719	.	G	A	0.996	0.854	0.317	NA	NA	ENSG00000105325	1.514	1	0.78649	0.59556	0.46821	1
19	5039863	.	C	T	0.991	0.922	0.473	NA	NA	ENSG00000127663	2.408	1	0.90599	0.91574	0.76459	1
19	6496032	.	C	A	0.969	0.864	0.92	NA	NA	ENSG00000104833	0.163	1	0.63559	0.69986	0.94743	1
19	6733277	.	C	T	0.075	0.295	0.037	NA	NA	ENSG00000125734	1.897	1	0.09687	0.10469	0.28719	1
19	7647216	.	G	A	0.07	0.329	0.161	NA	NA	ENSG00000076944	2.207	1	0.02613	0.0345	0.23368	1
19	8498391	.	A	G	0.094	0.295	0.013	NA	NA	ENSG00000133246	0.062	1	0.2697	0.32994	0.11625	1
19	10577338	.	T	C	0.662	0.721	0.083	NA	NA	ENSG00000129354	0.062	1	0.50368	0.44871	0.06889	1
19	10682142	.	G	A	0.677	0.721	0.609	NA	NA	ENSG00000129351	1.514	1	0.55375	0.57607	0.87618	1
19	10833044	.	A	G	0.604	0.66	0.528	NA	NA	ENSG00000079805	0.062	1	0.46518	0.18222	0.49032	1
19	12351311	.	T	C	0.092	0.216	0.005	NA	NA	ENSG00000198342	0.198	1	0.25091	0.02232	0.00652	1
19	12754698	.	G	A	0.183	0.535	0.683	NA	NA	ENSG00000039987	1.171	1	0.39926	0.32547	0.52693	1
19	12925133	.	G	A	0.249	0.844	0.562	NA	NA	ENSG00000179115	2.12	1	0.52091	0.79126	0.65713	1
19	13136099	.	C	T	0.531	0.832	0.364	NA	NA	ENSG00000160877	2.526	1	0.56195	0.76013	0.75764	1
19	13231850	.	C	T	1.0	0.971	0.972	NA	NA	ENSG00000141837	1.609	1	0.98699	0.99225	0.98179	1
19	17724131	.	C	T	0.353	0.823	0.24	NA	NA	ENSG00000130479	2.12	1	0.79599	0.95331	0.84285	1
19	17727450	.	C	T	0.854	0.571	0.14	NA	NA	ENSG00000130479	0.942	1	0.95675	0.68018	0.70181	1
19	30548763	.	G	A	NA	NA	NA	NA	1	ENSG00000198597	1.661	1	NA	NA	NA	1
19	33109916	.	G	A	NA	NA	NA	NA	1	ENSG00000076650	1.609	1	NA	NA	NA	1
19	33512598	.	G	A	0.818	0.805	0.878	NA	NA	ENSG00000124299	2.659	1	0.76518	0.77856	0.90902	1
19	34458850	.	G	A	0.26	0.555	0.196	NA	NA	ENSG00000126261	0.274	1	0.38546	0.22809	0.45879	1
19	35730043	.	T	C	0.991	0.914	0.599	NA	NA	ENSG00000272333	0.342	1	0.9024	0.95654	0.81013	1
19	36362234	.	G	A	0.088	0.404	0.055	NA	NA	ENSG00000142065	0.094	1	0.2624	0.62183	0.42765	1
19	41978192	.	C	A	0.998	0.97	0.897	NA	NA	ENSG00000105409	0.094	1	0.88426	0.93534	0.78305	1
19	41984940	.	T	C	0.975	0.969	0.957	NA	NA	ENSG00000105409	0.062	1	0.68818	0.93338	0.953	1
19	42309604	.	T	C	0.074	0.097	0.03	NA	NA	ENSG00000188368	0.083	1	0.05273	0.00082	0.10804	1
19	42758159	.	A	T	NA	NA	NA	NA	1	ENSG00000124467	0.062	1	NA	NA	NA	1
19	43750689	.	C	T	0.386	0.77	0.268	NA	NA	ENSG00000105771	1.715	1	0.43419	0.59207	0.66059	1
19	45075765	.	G	T	0.991	0.548	0.477	NA	NA	ENSG00000170684	0.041	1	0.94291	0.66159	0.98462	1
19	45141383	.	C	T	0.99	0.888	0.408	NA	NA	ENSG00000104866	0.163	1	0.93279	0.89284	0.85907	1
19	46469856	.	C	G	0.143	0.381	0.033	NA	NA	ENSG00000182013	0.03	1	0.62987	0.51131	0.2937	1
19	46919000	.	C	T	NA	NA	NA	1	NA	ENSG00000160007	1.609	NA	NA	NA	NA	1
19	49014551	.	G	A	0.053	0.305	0.044	NA	NA	ENSG00000183207	2.207	1	0.00072	0.00221	0.00197	1
19	50323685	.	C	T	0.998	0.903	0.917	NA	NA	ENSG00000131398	2.526	1	0.82056	0.92684	0.94534	1
19	50379804	.	C	T	0.95	0.837	0.888	NA	NA	ENSG00000131408	1.897	1	0.66483	0.87722	0.83438	1
19	50703549	.	G	A	NA	NA	NA	1	NA	ENSG00000161681	1.238	NA	NA	NA	NA	1
19	51323780	.	G	A	0.301	0.437	0.048	NA	NA	ENSG00000142549	1.309	1	0.39849	0.14909	0.05368	1
19	52212959	.	C	T	1.0	0.885	0.291	NA	NA	ENSG00000105568	1.966	1	0.87001	0.84771	0.57183	1
19	54419253	.	G	A	NA	NA	NA	NA	1	ENSG00000167614	1.171	1	NA	NA	NA	1
19	55817990	.	C	T	0.17	0.21	0.037	NA	NA	ENSG00000179873	0.163	1	0.58445	0.1114	0.18223	1
19	55976239	.	G	A	0.269	0.386	0.228	NA	NA	ENSG00000179709	0.151	1	0.78909	0.65238	0.72109	1
19	56058402	.	G	T	0.189	0.354	0.26	NA	NA	ENSG00000171487	0.051	1	0.75965	0.56903	0.78298	1
19	58511621	.	G	A	0.135	0.467	0.157	NA	NA	ENSG00000083807	2.04	1	0.55232	0.46555	0.53996	1
19	39927675	.	C	T	NA	NA	NA	NA	1	ENSG00000275395	2.659	1	NA	NA	NA	1
1	2172333	.	T	G	NA	NA	NA	NA	1	ENSG00000067606	0.02	1	NA	NA	NA	1
1	6393355	.	G	A	NA	NA	NA	NA	1	ENSG00000097021	0.223	1	NA	NA	NA	1
1	9263826	.	G	A	0.095	0.463	0.513	NA	NA	ENSG00000049239	1.772	1	0.37485	0.31643	0.57142	1
1	11803043	.	C	T	0.086	0.413	0.308	NA	NA	ENSG00000177000	0.139	1	0.19213	0.13591	0.30904	1
1	11997420	.	A	G	0.955	0.911	0.933	NA	NA	ENSG00000116688	0.128	1	0.86643	0.86364	0.91302	1
1	12123781	.	C	T	NA	NA	NA	NA	1	ENSG00000120949	2.303	1	NA	NA	NA	1
1	12369584	.	C	G	0.069	NA	0.019	NA	NA	ENSG00000048707	0.083	1	0.06317	NA	0.03459	1
1	15487361	.	C	T	0.481	0.669	0.63	NA	NA	ENSG00000215704	1.897	1	0.67665	0.75972	0.68618	1
1	15495364	.	G	C	0.633	0.346	0.13	NA	NA	ENSG00000132906	0.062	1	0.82491	0.25404	0.50396	1
1	15504676	.	T	C	0.058	0.458	0.106	NA	NA	ENSG00000132906	1.204	1	0.02137	0.4136	0.44383	1
1	17656018	.	C	T	0.077	0.339	0.04	NA	NA	ENSG00000074964	2.408	1	0.13859	0.09212	0.12477	1
1	18883290	.	G	A	0.658	0.818	0.804	NA	NA	ENSG00000159423	1.966	1	0.78056	0.86426	0.84398	1
1	19679301	.	A	G	0.076	0.246	0.041	NA	NA	ENSG00000158748	0.386	1	0.21657	0.08293	0.18065	1
1	19814832	.	G	A	NA	NA	NA	NA	1	ENSG00000178828	1.715	1	NA	NA	NA	1
1	20507936	.	C	G	0.903	0.841	0.409	NA	NA	ENSG00000090432	0.139	1	0.92272	0.89336	0.85421	1
1	21843393	.	A	G	0.834	0.697	0.524	NA	NA	ENSG00000142798	0.073	1	0.91982	0.70202	0.8199	1
1	21855813	.	C	T	0.056	0.276	0.043	NA	NA	ENSG00000142798	0.151	1	0.00889	0.07224	0.06956	1
1	22588986	.	G	T	NA	NA	NA	NA	1	ENSG00000070886	0.03	1	NA	NA	NA	1
1	23310702	.	G	A	NA	NA	NA	1	NA	ENSG00000125944	0.186	NA	NA	NA	NA	1
1	24090074	.	C	T	0.115	0.328	0.082	NA	NA	ENSG00000142661	1.204	1	0.0266	0.14576	0.27602	1
1	24099690	.	C	T	0.618	0.569	0.328	NA	NA	ENSG00000142661	0.094	1	0.83431	0.58468	0.75987	1
1	24347467	.	G	A	NA	NA	NA	1	NA	ENSG00000158055	0.128	NA	NA	NA	NA	1
1	26122299	.	A	G	0.448	0.697	0.394	NA	NA	ENSG00000175087	0.248	1	0.48586	0.54061	0.68506	1
1	26438217	.	G	A	0.987	0.823	0.893	NA	NA	ENSG00000117682	1.715	1	0.83959	0.60136	0.93687	1
1	30721629	.	C	A	0.334	0.596	0.661	NA	NA	ENSG00000162510	0.248	1	0.67526	0.41088	0.65171	1
1	32076808	.	G	A	0.077	0.422	0.106	NA	NA	ENSG00000121775	1.715	1	0.0555	0.06653	0.23802	1
1	32327044	.	A	G	0.899	0.777	0.816	NA	NA	ENSG00000116478	0.673	1	0.49507	0.59027	0.87714	1
1	34032648	.	G	A	0.571	0.348	0.155	NA	NA	ENSG00000121904	2.996	1	0.68491	0.08101	0.28237	1
1	34885506	.	C	T	0.492	0.587	0.137	NA	NA	ENSG00000116544	0.288	1	0.69091	0.4193	0.40735	1
1	35913896	.	A	G	0.914	0.935	0.455	NA	NA	ENSG00000092847	0.117	1	0.61594	0.76031	0.65039	1
1	42752567	.	G	A	NA	NA	NA	NA	1	ENSG00000117385	1.897	1	NA	NA	NA	1
1	43591454	.	C	T	NA	NA	0.122	NA	NA	ENSG00000142949	0.151	1	NA	NA	0.3199	1
1	46043735	.	C	T	0.502	0.75	0.486	NA	NA	ENSG00000278139	1.238	1	0.63415	0.52835	0.58003	1
1	52698320	.	C	G	0.313	0.588	0.342	NA	NA	ENSG00000162377	0.094	1	0.61642	0.5802	0.72253	1
1	53218894	.	C	T	NA	NA	NA	NA	1	ENSG00000162384	2.303	1	NA	NA	NA	1
1	54815004	.	G	A	0.08	0.229	0.011	NA	NA	ENSG00000162398	0.117	1	0.10331	0.11192	0.04739	1
1	61856139	.	A	G	0.235	0.715	0.513	NA	NA	ENSG00000132849	0.446	1	0.58691	0.67534	0.89723	1
1	66827879	.	T	A	0.943	0.848	0.538	NA	NA	ENSG00000152763	0.02	1	0.95111	0.96529	0.88287	1
1	67367989	.	C	T	0.145	0.613	0.126	NA	NA	ENSG00000081985	2.408	1	0.61692	0.8824	0.56925	1
1	74492194	.	T	C	0.743	0.679	0.37	NA	NA	ENSG00000259030	0.073	1	0.69946	0.42142	0.59805	1
1	84865963	.	G	A	0.134	0.486	0.303	NA	NA	ENSG00000171517	2.408	1	0.27211	0.24708	0.54016	1
1	88857476	.	C	A	0.909	0.661	0.181	NA	NA	ENSG00000137947	0.139	1	0.62049	0.162	0.27694	1
1	90007385	.	G	A	0.19	0.528	0.226	NA	NA	ENSG00000162664	0.117	1	0.2558	0.26466	0.61287	1
1	99667723	.	C	A	0.084	0.384	0.056	NA	NA	ENSG00000099260	0.083	1	0.27449	0.26118	0.27381	1
1	103547029	.	G	A	0.1	0.625	0.222	NA	NA	ENSG00000185946	2.303	1	0.26252	0.4824	0.64478	1
1	108934763	.	G	A	NA	NA	NA	NA	1	ENSG00000121940	2.207	1	NA	NA	NA	1
1	110603894	.	G	A	0.999	0.982	0.931	NA	NA	ENSG00000177301	2.526	1	0.89115	0.96607	0.83174	1
1	110603995	.	A	G	0.988	0.936	0.983	NA	NA	ENSG00000177301	0.051	1	0.73492	0.81097	0.98627	1
1	112456082	.	G	A	0.288	0.674	0.215	NA	NA	ENSG00000143079	0.139	1	0.53481	0.54987	0.59588	1
1	115691154	.	C	T	NA	NA	NA	NA	1	ENSG00000173218	0.128	1	NA	NA	NA	1
1	117084050	.	A	C	0.306	0.603	0.704	NA	NA	ENSG00000116830	0.02	1	0.73642	0.65806	0.79616	1
1	117496941	.	C	T	0.157	0.591	0.48	NA	NA	ENSG00000198162	0.117	1	0.28897	0.2747	0.62395	1
1	150557575	.	G	A	0.1	0.337	0.073	NA	NA	ENSG00000143382	0.083	1	0.38834	0.17759	0.32248	1
1	151043044	.	T	C	NA	NA	NA	NA	1	ENSG00000163141	0.274	1	NA	NA	NA	1
1	151043094	.	A	C	0.669	0.817	0.436	NA	NA	ENSG00000163141	0.02	1	0.92892	0.90762	0.9187	1
1	151045814	.	G	A	0.081	0.444	0.129	NA	NA	ENSG00000163141	1.609	1	0.26323	0.28505	0.39964	1
1	151048591	.	C	A	NA	NA	NA	1	NA	ENSG00000143443	0.041	NA	NA	NA	NA	1
1	151783008	.	C	T	NA	NA	NA	NA	1	ENSG00000182134	0.083	1	NA	NA	NA	1
1	152302802	.	A	G	NA	NA	NA	NA	1	ENSG00000143631	0.211	1	NA	NA	NA	1
1	155263261	.	G	A	0.071	0.481	0.035	NA	NA	ENSG00000176444	2.303	1	0.02108	0.10863	0.01712	1
1	155481538	.	G	T	NA	NA	NA	NA	1	ENSG00000116539	0.094	1	NA	NA	NA	1
1	160177606	.	G	A	0.344	0.72	0.841	NA	NA	ENSG00000132681	2.207	1	0.56087	0.51012	0.69519	1
1	160637196	.	A	T	0.841	0.79	0.476	NA	NA	ENSG00000117090	0.02	1	0.96365	0.98649	0.98314	1
1	161230888	.	A	G	0.149	0.619	0.798	NA	NA	ENSG00000143257	0.416	1	0.48019	0.78739	0.86023	1
1	173910830	.	C	T	0.098	0.406	0.453	NA	NA	ENSG00000117601	2.526	1	0.3299	0.22813	0.40303	1
1	181724488	.	T	C	0.994	0.942	0.992	NA	NA	ENSG00000198216	0.041	1	0.93036	0.93117	0.99916	1
1	181724496	.	A	G	0.304	0.817	0.813	NA	NA	ENSG00000198216	0.248	1	0.42301	0.6016	0.7142	1
1	182385876	.	A	G	0.996	0.928	0.92	NA	NA	ENSG00000135821	0.174	1	0.94327	0.94767	0.88413	1
1	185846043	.	A	T	0.756	0.698	0.605	NA	NA	ENSG00000143341	0.02	1	0.88876	0.65928	0.79297	1
1	186325779	.	C	G	0.52	0.795	0.205	NA	NA	ENSG00000047410	0.051	1	0.73424	0.85392	0.69195	1
1	204134590	.	T	C	NA	NA	NA	1	NA	ENSG00000143845	0.117	NA	NA	NA	NA	1
1	205381834	.	T	C	0.085	NA	0.005	NA	NA	ENSG00000186007	0.051	1	0.17191	NA	0.00764	1
1	207114152	.	G	A	NA	NA	NA	NA	1	ENSG00000123838	2.207	1	NA	NA	NA	1
1	207474830	.	A	C	0.09	0.508	0.108	NA	NA	ENSG00000117322	0.041	1	0.23294	0.67268	0.36333	1
1	211259582	.	G	A	NA	0.636	0.119	NA	NA	ENSG00000117625	0.128	1	NA	0.2596	0.31977	1
1	211481206	.	G	T	NA	NA	NA	NA	1	ENSG00000198570	0.041	1	NA	NA	NA	1
1	220780168	.	G	T	0.984	0.867	0.566	NA	NA	ENSG00000117791	0.128	1	0.99152	0.96241	0.93618	1
1	223393775	.	G	A	NA	NA	NA	NA	1	ENSG00000178395	0.128	1	NA	NA	NA	1
1	228280017	.	G	A	0.187	NA	0.178	NA	NA	ENSG00000154358	0.151	1	0.56625	NA	0.5478	1
1	233346601	.	C	G	0.529	0.828	0.838	NA	NA	ENSG00000143674	0.051	1	0.73598	0.84254	0.91829	1
1	237705331	.	C	T	NA	NA	NA	1	NA	ENSG00000198626	2.813	NA	NA	NA	NA	1
1	241634346	.	G	A	0.039	0.215	0.199	NA	NA	ENSG00000203668	0.139	1	0.0	0.04993	0.41917	1
1	247841127	.	G	C	0.09	0.355	0.055	NA	NA	ENSG00000197591	0.083	1	0.16346	0.36989	0.36769	1
1	203727423	.	T	C	NA	0.904	0.96	NA	NA	ENSG00000058668	0.083	1	NA	0.78123	0.96662	1
1	232806688	.	G	A	NA	NA	NA	NA	1	ENSG00000212916	0.083	1	NA	NA	NA	1
20	487465	.	C	T	0.999	0.768	0.59	NA	NA	ENSG00000101266	1.609	1	0.84823	0.66264	0.80204	1
20	1310804	.	T	G	0.146	0.581	0.27	NA	NA	ENSG00000125775	0.03	1	0.42712	0.47363	0.56697	1
20	2709575	.	C	T	1.0	0.967	0.565	NA	NA	ENSG00000088881	2.526	1	0.93487	0.94357	0.85569	1
20	3692728	.	C	T	0.056	0.208	0.04	NA	NA	ENSG00000088827	0.198	1	0.00435	0.05828	0.22924	1
20	4699534	.	C	T	0.793	0.599	0.863	NA	NA	ENSG00000171867	0.073	1	0.76029	0.66618	0.91352	1
20	5183136	.	A	G	0.36	0.793	0.332	NA	NA	ENSG00000101290	0.186	1	0.55303	0.52533	0.6239	1
20	6770454	.	C	A	0.992	0.907	0.578	NA	NA	ENSG00000125845	0.151	1	0.89285	0.91007	0.63301	1
20	10275564	.	G	A	NA	NA	NA	1	NA	ENSG00000132639	0.174	NA	NA	NA	NA	1
20	10277728	.	T	G	NA	NA	NA	1	NA	ENSG00000132639	0.02	NA	NA	NA	NA	1
20	10284751	.	G	T	0.961	0.882	0.781	NA	NA	ENSG00000132639	0.073	1	0.72994	0.74742	0.98135	1
20	10284758	.	T	C	0.999	0.949	0.707	NA	NA	ENSG00000132639	0.073	1	0.98332	0.93053	0.94286	1
20	10299356	.	G	T	0.996	0.953	0.658	NA	NA	ENSG00000132639	0.051	1	0.95675	0.93532	0.9095	1
20	10299357	.	A	G	0.997	0.905	0.683	NA	NA	ENSG00000132639	0.117	1	0.9646	0.78979	0.92129	1
20	10299380	.	C	T	NA	NA	NA	1	NA	ENSG00000132639	0.151	NA	NA	NA	NA	1
20	10299381	.	A	C	0.999	0.984	0.876	NA	NA	ENSG00000132639	0.03	1	0.98332	0.99402	0.99802	1
20	10306165	.	C	T	NA	NA	NA	1	NA	ENSG00000132639	0.105	NA	NA	NA	NA	1
20	10306169	.	G	C	0.999	0.939	0.52	NA	NA	ENSG00000132639	0.094	1	0.98332	0.92014	0.723	1
20	10306172	.	C	G	0.87	0.879	0.669	NA	NA	ENSG00000132639	0.02	1	0.57822	0.7387	0.91588	1
20	10306172	.	C	T	0.946	0.785	0.688	NA	NA	ENSG00000132639	0.094	1	0.6978	0.33442	0.92247	1
20	10601788	.	G	A	0.063	0.167	0.035	NA	NA	ENSG00000149346	2.207	1	0.02265	0.02394	0.15435	1
20	18414411	.	T	C	NA	NA	NA	NA	1	ENSG00000089091	0.163	1	NA	NA	NA	1
20	23365662	.	C	T	0.921	0.843	0.354	NA	NA	ENSG00000125812	1.897	1	0.82951	0.95936	0.76544	1
20	32071757	.	C	T	0.108	0.45	0.288	NA	NA	ENSG00000101336	2.526	1	0.24261	0.19991	0.34492	1
20	32428200	.	G	A	0.564	0.717	0.198	NA	NA	ENSG00000171456	0.094	1	0.79469	0.79349	0.75836	1
20	32433315	.	C	T	NA	NA	NA	1	NA	ENSG00000171456	0.105	NA	NA	NA	NA	1
20	32788931	.	G	A	NA	NA	NA	NA	1	ENSG00000088305	0.211	1	NA	NA	NA	1
20	33092529	.	G	A	NA	NA	NA	NA	1	ENSG00000186191	1.966	1	NA	NA	NA	1
20	34295503	.	C	A	0.174	0.49	0.268	NA	NA	ENSG00000101444	0.03	1	0.30289	0.1109	0.1277	1
20	36432329	.	G	A	NA	NA	NA	1	NA	ENSG00000080845	0.174	NA	NA	NA	NA	1
20	36446745	.	G	A	0.071	0.332	0.273	NA	NA	ENSG00000080845	0.094	1	0.07134	0.06421	0.6045	1
20	38567138	.	C	G	NA	NA	NA	1	NA	ENSG00000170471	0.062	NA	NA	NA	NA	1
20	41163929	.	C	T	0.954	0.954	0.69	NA	NA	ENSG00000124181	0.128	1	0.78921	0.93016	0.8559	1
20	42102275	.	C	T	0.117	0.483	0.124	NA	NA	ENSG00000196090	2.526	1	0.18095	0.07915	0.1752	1
20	45878305	.	C	T	0.169	0.757	0.325	NA	NA	ENSG00000132801	1.715	1	0.62881	0.87363	0.9368	1
20	49270587	.	G	A	NA	NA	NA	1	NA	ENSG00000124201	2.303	NA	NA	NA	NA	1
20	51790894	.	G	A	0.11	0.573	0.062	NA	NA	ENSG00000101115	0.186	1	0.35424	0.61514	0.19398	1
20	63350969	.	G	A	0.13	0.734	0.556	NA	NA	ENSG00000101204	2.408	1	0.44356	0.69212	0.58573	1
20	63413472	.	G	C	0.999	0.894	0.979	NA	NA	ENSG00000075043	0.117	1	0.96147	0.91461	0.99739	1
20	63413556	.	G	A	0.97	0.911	0.899	NA	NA	ENSG00000075043	1.966	1	0.76775	0.93979	0.88857	1
20	63439666	.	T	C	0.981	0.77	0.976	NA	NA	ENSG00000075043	0.051	1	0.79558	0.69265	0.99616	1
20	63442460	.	C	G	0.999	0.815	0.727	NA	NA	ENSG00000075043	0.041	1	0.96147	0.77988	0.63822	1
20	63442529	.	C	G	0.999	0.779	0.886	NA	NA	ENSG00000075043	0.03	1	0.96147	0.70627	0.87046	1
20	63445321	.	C	T	0.995	0.886	0.947	NA	NA	ENSG00000075043	2.659	1	0.88529	0.8995	0.96152	1
20	64026033	.	C	T	0.996	0.885	0.431	NA	NA	ENSG00000101161	2.207	1	0.88875	0.706	0.58254	1
21	31266695	.	C	T	0.139	0.666	0.265	NA	NA	ENSG00000156299	1.772	1	0.41657	0.52165	0.66205	1
21	31703881	.	T	C	0.663	0.794	0.135	NA	NA	ENSG00000156304	0.868	1	0.6147	0.78029	0.35877	1
21	31703891	.	T	C	NA	NA	NA	NA	1	ENSG00000156304	0.105	1	NA	NA	NA	1
21	38383497	.	G	T	0.159	0.724	0.197	NA	NA	ENSG00000157554	0.03	1	0.35669	0.32821	0.41458	1
21	41992062	.	C	T	NA	NA	NA	NA	1	ENSG00000173276	2.813	1	NA	NA	NA	1
21	43675153	.	G	T	0.802	0.861	0.528	NA	NA	ENSG00000160208	0.083	1	0.94108	0.97975	0.96769	1
21	43959785	.	C	T	0.503	0.625	0.129	NA	NA	ENSG00000160216	1.772	1	0.51244	0.35378	0.09826	1
21	44895030	.	C	T	0.72	0.757	0.771	NA	NA	ENSG00000160255	2.526	1	0.75415	0.78444	0.76862	1
22	17727297	.	G	T	NA	NA	NA	NA	1	ENSG00000099968	0.105	1	NA	NA	NA	1
22	21681318	.	G	T	NA	NA	NA	NA	1	ENSG00000100023	0.03	1	NA	NA	NA	1
22	23273754	.	A	G	0.096	0.639	0.207	NA	NA	ENSG00000186716	0.446	1	0.23049	0.43341	0.61556	1
22	25768391	.	A	G	0.27	0.464	0.416	NA	NA	ENSG00000133454	0.083	1	0.81202	0.44542	0.69547	1
22	28014305	.	C	T	NA	NA	NA	NA	1	ENSG00000100154	2.303	1	NA	NA	NA	1
22	29330433	.	T	C	0.117	0.753	0.324	NA	NA	ENSG00000100280	0.478	1	0.17528	0.23731	0.51961	1
22	31426764	.	A	G	0.246	0.835	0.514	NA	NA	ENSG00000185721	0.777	1	0.20085	0.59097	0.76923	1
22	37002128	.	G	T	NA	NA	NA	1	NA	ENSG00000185264	0.051	NA	NA	NA	NA	1
22	37182572	.	C	G	0.656	0.578	0.152	NA	NA	ENSG00000133466	0.041	1	0.79082	0.59798	0.4441	1
22	37182585	.	G	A	0.875	0.869	0.601	NA	NA	ENSG00000133466	0.174	1	0.91476	0.97705	0.79848	1
22	38300838	.	C	T	1.0	0.886	0.78	NA	NA	ENSG00000213923	1.897	1	0.85453	0.70634	0.94979	1
22	38623277	.	T	C	0.135	0.397	0.065	NA	NA	ENSG00000184949	0.083	1	0.50237	0.63206	0.49315	1
22	40779046	.	A	G	NA	NA	NA	NA	1	ENSG00000100372	0.117	1	NA	NA	NA	1
22	41256205	.	T	A	0.143	0.817	0.2	NA	NA	ENSG00000100401	0.013	1	0.37982	0.78173	0.4914	1
22	41264722	.	C	G	0.498	0.766	0.49	NA	NA	ENSG00000100401	0.051	1	0.69025	0.68444	0.79764	1
22	41507896	.	G	A	NA	NA	NA	NA	1	ENSG00000100412	2.303	1	NA	NA	NA	1
22	43972314	.	C	T	0.942	0.855	0.508	NA	NA	ENSG00000100347	0.151	1	0.84673	0.72278	0.75691	1
22	46364569	.	G	A	NA	NA	NA	1	NA	ENSG00000075275	0.174	NA	NA	NA	NA	1
22	46380945	.	G	A	0.177	0.659	0.462	NA	NA	ENSG00000075275	2.813	1	0.5467	0.60872	0.75237	1
22	50317294	.	T	C	0.387	0.785	0.23	NA	NA	ENSG00000205593	0.051	1	0.70212	0.71857	0.59869	1
22	50419414	.	T	C	0.675	0.773	0.596	NA	NA	ENSG00000100239	0.062	1	0.88963	0.80341	0.94587	1
22	50440947	.	A	G	0.054	0.129	0.007	NA	NA	ENSG00000100239	0.416	1	0.00515	0.00244	0.012	1
22	50487975	.	G	A	NA	NA	NA	NA	1	ENSG00000100253	2.303	1	NA	NA	NA	1
2	11662127	.	C	T	NA	NA	NA	NA	1	ENSG00000169006	1.514	1	NA	NA	NA	1
2	18555684	.	T	C	0.078	0.413	0.033	NA	NA	ENSG00000250741	0.545	1	0.08072	0.36471	0.02391	1
2	25234373	.	C	T	0.995	0.777	0.742	NA	NA	ENSG00000119772	1.772	1	0.8554	0.61111	0.75346	1
2	27445928	.	C	T	NA	NA	NA	1	NA	ENSG00000138002	0.223	NA	NA	NA	NA	1
2	40430060	.	T	C	0.185	0.675	0.187	NA	NA	ENSG00000183023	0.073	1	0.22185	0.28416	0.29432	1
2	43541190	.	T	A	0.101	0.544	0.023	NA	NA	ENSG00000115970	0.03	1	0.3355	0.56883	0.14844	1
2	44332487	.	C	T	0.08	0.392	0.076	NA	NA	ENSG00000138078	2.408	1	0.10181	0.17623	0.22768	1
2	61492719	.	T	C	0.715	0.815	0.387	NA	NA	ENSG00000082898	0.117	1	0.53361	0.29123	0.46556	1
2	69482717	.	C	T	0.071	0.416	0.093	NA	NA	ENSG00000115977	0.261	1	0.07329	0.1125	0.35175	1
2	69530123	.	C	T	NA	NA	NA	NA	1	ENSG00000115977	0.186	1	NA	NA	NA	1
2	71071720	.	C	T	0.171	0.632	0.147	NA	NA	ENSG00000124357	2.408	1	0.50359	0.54359	0.55944	1
2	73265372	.	G	A	NA	NA	NA	1	NA	ENSG00000163013	2.207	NA	NA	NA	NA	1
2	73453444	.	C	T	0.142	NA	0.134	NA	NA	ENSG00000116127	0.248	1	0.56053	NA	0.70121	1
2	74491156	.	G	A	0.107	0.416	0.115	NA	NA	ENSG00000115282	2.526	1	0.40881	0.47382	0.63195	1
2	96195491	.	C	T	0.066	0.361	0.047	NA	NA	ENSG00000084090	0.139	1	0.05289	0.10414	0.12519	1
2	97735307	.	G	T	NA	NA	NA	NA	1	ENSG00000115085	0.073	1	NA	NA	NA	1
2	101266861	.	C	T	1.0	0.954	0.485	NA	NA	ENSG00000158435	0.083	1	0.96468	0.97194	0.85421	1
2	112575382	.	G	A	0.077	0.481	0.25	NA	NA	ENSG00000125630	0.139	1	0.08962	0.14296	0.23398	1
2	124524368	.	C	G	0.072	0.531	0.444	NA	NA	ENSG00000155052	0.041	1	0.1097	0.38681	0.58609	1
2	127629702	.	A	G	0.082	0.369	0.098	NA	NA	ENSG00000169994	0.083	1	0.20717	0.19487	0.14644	1
2	130153155	.	C	T	0.284	0.755	0.368	NA	NA	ENSG00000136699	1.772	1	0.45756	0.71074	0.78586	1
2	134863600	.	T	C	0.885	0.957	0.932	NA	NA	ENSG00000153086	0.094	1	0.86277	0.97105	0.97253	1
2	135808855	.	A	T	NA	NA	NA	1	NA	ENSG00000115850	0.041	NA	NA	NA	NA	1
2	165310406	.	G	A	0.956	0.876	0.947	NA	NA	ENSG00000136531	2.526	1	0.74546	0.74709	0.88719	1
2	165344637	.	G	A	0.996	0.962	0.952	NA	NA	ENSG00000136531	0.105	1	0.9226	0.94637	0.9039	1
2	165344782	.	C	A	0.998	0.872	0.852	NA	NA	ENSG00000136531	0.03	1	0.95202	0.7348	0.66423	1
2	165377606	.	A	G	0.992	0.949	0.955	NA	NA	ENSG00000136531	0.062	1	0.88002	0.91782	0.91013	1
2	165381114	.	A	G	0.834	0.866	0.866	NA	NA	ENSG00000136531	0.163	1	0.63152	0.71861	0.69861	1
2	165992423	.	C	T	NA	NA	NA	1	NA	ENSG00000144285	0.151	NA	NA	NA	NA	1
2	165994212	.	G	A	0.898	0.871	0.967	NA	NA	ENSG00000144285	3.507	1	0.65123	0.65252	0.91353	1
2	165996065	.	G	T	0.997	0.839	0.951	NA	NA	ENSG00000144285	0.062	1	0.92957	0.56755	0.85587	1
2	165996073	.	G	C	NA	NA	NA	1	NA	ENSG00000144285	0.062	NA	NA	NA	NA	1
2	166002743	.	T	G	0.596	NA	0.959	NA	NA	ENSG00000144285	0.02	1	0.50294	NA	0.88169	1
2	166037775	.	C	A	NA	NA	NA	1	NA	ENSG00000144285	0.105	NA	NA	NA	NA	1
2	166037846	.	C	T	1.0	0.972	0.984	NA	NA	ENSG00000144285	0.223	1	0.98766	0.9633	0.98037	1
2	166038009	.	C	G	0.999	0.99	0.98	NA	NA	ENSG00000144285	0.02	1	0.95954	0.99216	0.96513	1
2	166046970	.	G	A	0.99	0.944	0.903	NA	NA	ENSG00000144285	2.408	1	0.8567	0.88624	0.7056	1
2	166048908	.	A	C	0.995	0.919	0.956	NA	NA	ENSG00000144285	0.03	1	0.90145	0.80176	0.87014	1
2	166051967	.	G	A	0.981	0.938	0.925	NA	NA	ENSG00000144285	0.139	1	0.80591	0.86458	0.76529	1
2	166052882	.	G	A	NA	NA	NA	1	NA	ENSG00000144285	2.408	NA	NA	NA	NA	1
2	166054637	.	C	T	NA	NA	NA	1	NA	ENSG00000144285	3.912	NA	NA	NA	NA	1
2	167251677	.	A	G	0.069	NA	0.016	NA	NA	ENSG00000163092	0.094	1	0.09001	NA	0.04817	1
2	167869689	.	G	T	0.642	0.746	0.534	NA	NA	ENSG00000172318	0.174	1	0.52735	0.49442	0.65564	1
2	171785395	.	T	C	0.82	0.884	0.801	NA	NA	ENSG00000115840	0.117	1	0.6509	0.85612	0.80469	1
2	178630846	.	G	A	NA	NA	NA	NA	1	ENSG00000155657	2.659	1	NA	NA	NA	1
2	178682738	.	C	T	0.086	NA	0.078	NA	NA	ENSG00000155657	2.526	1	0.09965	NA	0.09868	1
2	178774060	.	C	T	0.441	NA	0.567	NA	NA	ENSG00000155657	0.139	1	0.65534	NA	0.88445	1
2	182720050	.	C	G	0.711	0.833	0.664	NA	NA	ENSG00000077232	0.02	1	0.8023	0.82895	0.93348	1
2	189563931	.	G	T	0.629	0.771	0.359	NA	NA	ENSG00000138449	0.041	1	0.66229	0.60306	0.31583	1
2	195817748	.	C	G	0.511	NA	0.451	NA	NA	ENSG00000118997	0.051	1	0.62473	NA	0.71001	1
2	208276728	.	A	G	NA	NA	NA	NA	1	ENSG00000115020	0.094	1	NA	NA	NA	1
2	215338787	.	A	G	NA	NA	0.016	NA	NA	ENSG00000138363	0.673	1	NA	NA	0.036	1
2	216127541	.	A	G	NA	NA	NA	NA	1	ENSG00000079246	0.236	1	NA	NA	NA	1
2	219168203	.	G	C	0.091	0.436	0.062	NA	NA	ENSG00000213901	0.041	1	0.34681	0.44704	0.34411	1
2	219182249	.	C	G	0.059	0.351	0.027	NA	NA	ENSG00000144567	0.083	1	0.0128	0.13502	0.09382	1
2	219557592	.	C	T	0.163	0.457	0.322	NA	NA	ENSG00000124006	1.661	1	0.46693	0.36629	0.72801	1
2	227108613	.	C	T	0.113	0.409	0.76	NA	NA	ENSG00000081052	2.408	1	0.53691	0.31752	0.71098	1
2	227889871	.	G	A	NA	NA	NA	NA	1	ENSG00000123977	2.408	1	NA	NA	NA	1
2	230385270	.	G	A	NA	NA	NA	NA	1	ENSG00000185404	2.207	1	NA	NA	NA	1
2	238277882	.	C	T	0.068	0.294	0.024	NA	NA	ENSG00000132326	1.897	1	0.11524	0.16679	0.09654	1
2	238398852	.	A	G	0.066	0.395	0.064	NA	NA	ENSG00000204104	0.163	1	0.06909	0.30014	0.38719	1
2	239111676	.	G	A	NA	NA	NA	NA	1	ENSG00000068024	0.083	1	NA	NA	NA	1
2	241115312	.	C	T	NA	NA	NA	NA	1	ENSG00000115687	0.128	1	NA	NA	NA	1
2	241676154	.	C	A	0.109	0.317	0.038	NA	NA	ENSG00000168393	0.02	1	0.20093	0.16548	0.20786	1
2	241872299	.	G	A	NA	NA	NA	NA	1	ENSG00000188011	0.186	1	NA	NA	NA	1
2	178845710	.	C	A	NA	0.329	0.109	NA	NA	ENSG00000163492	0.03	1	NA	0.33742	0.61882	1
2	203394731	.	G	A	NA	0.844	0.485	NA	NA	ENSG00000138443	0.163	1	NA	0.77544	0.69301	1
3	4775433	.	T	C	NA	NA	NA	NA	1	ENSG00000150995	0.163	1	NA	NA	NA	1
3	4811348	.	A	G	NA	NA	NA	NA	1	ENSG00000150995	0.083	1	NA	NA	NA	1
3	5187841	.	C	A	NA	NA	NA	NA	1	ENSG00000134109	0.03	1	NA	NA	NA	1
3	10360076	.	C	T	NA	NA	NA	NA	1	ENSG00000157087	2.04	1	NA	NA	NA	1
3	11364680	.	C	T	NA	NA	0.06	NA	NA	ENSG00000197548	0.117	1	NA	NA	0.18132	1
3	12941756	.	C	T	0.197	0.634	0.81	NA	NA	ENSG00000144711	1.715	1	0.39047	0.29509	0.97549	1
3	23954558	.	G	C	0.216	0.717	0.456	NA	NA	ENSG00000174738	0.083	1	0.50907	0.55248	0.41157	1
3	38315656	.	G	A	0.1	0.261	0.236	NA	NA	ENSG00000144671	2.207	1	0.41998	0.25505	0.58306	1
3	39188052	.	C	T	0.077	0.217	0.013	NA	NA	ENSG00000168334	0.105	1	0.15914	0.08015	0.04775	1
3	45225430	.	G	C	0.42	0.608	0.02	NA	NA	ENSG00000249992	0.062	1	0.54947	0.63825	0.02626	1
3	46681262	.	C	T	0.114	0.417	0.034	NA	NA	ENSG00000178038	0.117	1	0.50971	0.30281	0.14362	1
3	47002029	.	G	A	0.1	0.423	0.115	NA	NA	ENSG00000160796	2.207	1	0.29983	0.27812	0.41494	1
3	47121082	.	T	C	0.068	0.272	0.038	NA	NA	ENSG00000181555	0.073	1	0.06016	0.07004	0.03546	1
3	48570704	.	C	T	0.084	0.316	0.203	NA	NA	ENSG00000114270	0.094	1	0.20616	0.13897	0.27986	1
3	48659712	.	G	C	0.065	0.647	0.366	NA	NA	ENSG00000008300	0.041	1	0.03176	0.52133	0.6263	1
3	51646301	.	A	G	0.685	0.849	0.876	NA	NA	ENSG00000164080	0.051	1	0.67529	0.75267	0.92435	1
3	52258596	.	C	T	NA	NA	NA	NA	1	ENSG00000164091	1.514	1	NA	NA	NA	1
3	53762012	.	C	T	NA	NA	NA	NA	1	ENSG00000157388	2.996	1	NA	NA	NA	1
3	87262123	.	G	T	NA	NA	NA	1	NA	ENSG00000064835	0.174	NA	NA	NA	NA	1
3	89407291	.	T	C	NA	NA	NA	NA	1	ENSG00000044524	0.139	1	NA	NA	NA	1
3	100609894	.	T	C	0.136	0.328	0.136	NA	NA	ENSG00000144820	0.073	1	0.51381	0.3097	0.63566	1
3	113283575	.	G	A	0.144	0.545	0.26	NA	NA	ENSG00000144857	2.408	1	0.23507	0.40116	0.60276	1
3	113655194	.	C	T	0.981	0.898	0.4	NA	NA	ENSG00000176542	0.117	1	0.97188	0.9882	0.93297	1
3	113788742	.	C	A	0.999	0.971	0.848	NA	NA	ENSG00000114573	0.02	1	0.94355	0.97311	0.70223	1
3	119619601	.	C	T	0.373	0.509	0.541	NA	NA	ENSG00000144837	0.128	1	0.71237	0.53192	0.64117	1
3	121460070	.	G	C	0.106	0.532	0.408	NA	NA	ENSG00000051341	0.073	1	0.39716	0.49294	0.76096	1
3	124674573	.	C	G	NA	NA	NA	NA	1	ENSG00000160145	0.03	1	NA	NA	NA	1
3	126552108	.	G	A	0.305	0.41	0.092	NA	NA	ENSG00000180697	0.094	1	0.778	0.72469	0.6986	1
3	126989345	.	G	A	0.071	0.479	0.109	NA	NA	ENSG00000114554	1.966	1	0.03682	0.12982	0.17317	1
3	130443494	.	C	T	0.434	0.524	0.601	NA	NA	ENSG00000172752	0.186	1	0.87931	0.71207	0.95527	1
3	135154168	.	C	T	NA	NA	NA	NA	1	ENSG00000154928	0.151	1	NA	NA	NA	1
3	141444755	.	G	A	NA	NA	NA	NA	1	ENSG00000177311	2.659	1	NA	NA	NA	1
3	179333904	.	G	A	0.825	0.593	0.266	NA	NA	ENSG00000121864	0.094	1	0.69499	0.48515	0.69172	1
3	184192885	.	G	A	0.082	0.509	0.373	NA	NA	ENSG00000161204	1.833	1	0.10052	0.14502	0.21059	1
3	186677786	.	A	G	0.115	0.403	0.034	NA	NA	ENSG00000113905	0.083	1	0.451	0.61023	0.33229	1
4	958341	.	G	A	0.079	0.266	0.038	NA	NA	ENSG00000127419	1.772	1	0.13817	0.11292	0.21906	1
4	991421	.	C	T	0.308	0.716	0.784	NA	NA	ENSG00000145217	2.526	1	0.80564	0.84364	0.8289	1
4	1081567	.	T	C	0.074	0.27	0.101	NA	NA	ENSG00000178222	0.211	1	0.05789	0.31407	0.70178	1
4	1849209	.	C	T	0.152	0.472	0.1	NA	NA	ENSG00000168924	0.163	1	0.42918	0.30695	0.32253	1
4	3255853	.	G	T	0.234	0.779	0.563	NA	NA	ENSG00000188981	0.151	1	0.62487	0.85567	0.97452	1
4	5168341	.	A	G	0.659	0.734	0.463	NA	NA	ENSG00000152953	0.942	1	0.68088	0.75678	0.79483	1
4	10077327	.	G	A	0.154	0.588	0.292	NA	NA	ENSG00000071127	2.659	1	0.3465	0.31753	0.62128	1
4	39218097	.	G	C	0.972	0.88	0.88	NA	NA	ENSG00000157796	0.02	1	0.97736	0.84754	0.94607	1
4	39866919	.	G	A	0.996	0.938	0.557	NA	NA	ENSG00000121892	2.303	1	0.87586	0.93478	0.84384	1
4	40243575	.	C	T	NA	NA	NA	NA	1	ENSG00000168421	2.996	1	NA	NA	NA	1
4	47403613	.	T	C	0.998	0.957	0.953	NA	NA	ENSG00000163288	0.03	1	0.90164	0.96546	0.9674	1
4	55569726	.	G	A	NA	NA	NA	NA	1	ENSG00000163440	0.163	1	NA	NA	NA	1
4	68669984	.	A	G	0.207	NA	0.177	NA	NA	ENSG00000196620	0.083	1	0.46727	NA	0.48369	1
4	76334041	.	T	G	NA	NA	NA	NA	1	ENSG00000163749	0.02	1	NA	NA	NA	1
4	86803783	.	G	A	0.154	0.8	0.352	NA	NA	ENSG00000163629	0.139	1	0.4732	0.76325	0.73123	1
4	97559110	.	T	C	0.071	0.324	0.023	NA	NA	ENSG00000163116	0.151	1	0.07644	0.30343	0.16569	1
4	98901919	.	C	A	0.156	0.624	0.186	NA	NA	ENSG00000151247	0.139	1	0.23384	0.30723	0.54117	1
4	101109063	.	T	C	0.998	0.973	0.778	NA	NA	ENSG00000138814	0.274	1	0.85197	0.9679	0.94566	1
4	107950369	.	A	T	0.556	0.601	0.254	NA	NA	ENSG00000155016	0.03	1	0.75508	0.61718	0.47658	1
4	112278059	.	C	T	0.509	0.685	0.728	NA	NA	ENSG00000145365	2.408	1	0.72539	0.79722	0.94363	1
4	112431115	.	T	C	0.079	0.219	0.03	NA	NA	ENSG00000073331	0.163	1	0.19302	0.08755	0.18564	1
4	125318576	.	G	A	0.938	0.874	0.53	NA	NA	ENSG00000196159	0.163	1	0.89888	0.83914	0.80887	1
4	139889380	.	C	T	0.076	0.31	0.064	NA	NA	ENSG00000196782	1.772	1	0.15939	0.08932	0.23758	1
4	145774535	.	A	C	0.969	0.892	0.307	NA	NA	ENSG00000151612	0.117	1	0.86234	0.84215	0.77023	1
4	146640332	.	G	C	0.94	0.869	0.541	NA	NA	ENSG00000151615	0.041	1	0.73106	0.79477	0.63123	1
4	154585666	.	C	T	0.142	0.326	0.02	NA	NA	ENSG00000171560	0.174	1	0.44074	0.28194	0.02753	1
4	154610106	.	A	G	0.924	0.745	0.895	NA	NA	ENSG00000171557	0.083	1	0.88783	0.71464	0.88577	1
4	158651838	.	G	T	0.235	0.79	0.331	NA	NA	ENSG00000171509	0.03	1	0.62502	0.81759	0.63655	1
4	168914008	.	C	T	NA	0.523	0.134	NA	NA	ENSG00000129116	0.139	1	NA	0.38996	0.38112	1
5	5306574	.	A	C	0.195	0.687	0.265	NA	NA	ENSG00000145536	0.03	1	0.58193	0.69846	0.53806	1
5	10258128	.	G	A	0.093	0.558	0.33	NA	NA	ENSG00000150753	1.772	1	0.06091	0.14417	0.20101	1
5	13885104	.	G	T	NA	NA	NA	NA	1	ENSG00000039139	0.073	1	NA	NA	NA	1
5	14507962	.	C	T	0.109	0.637	0.166	NA	NA	ENSG00000038382	2.408	1	0.1894	0.22512	0.192	1
5	17275889	.	G	T	0.2	0.544	0.256	NA	NA	ENSG00000176788	0.062	1	0.60597	0.69477	0.80252	1
5	31552841	.	T	C	0.979	0.946	0.709	NA	NA	ENSG00000082213	0.094	1	0.95375	0.98854	0.93865	1
5	32090585	.	C	T	NA	NA	NA	NA	1	ENSG00000133401	2.813	1	NA	NA	NA	1
5	33984216	.	C	A	0.551	0.855	0.907	NA	NA	ENSG00000164175	0.03	1	0.72834	0.84849	0.90168	1
5	45695795	.	G	A	0.939	0.743	0.861	NA	NA	ENSG00000164588	0.105	1	0.6697	0.59452	0.83374	1
5	63961632	.	C	T	0.076	0.423	0.081	NA	NA	ENSG00000178394	0.261	1	0.14226	0.18786	0.195	1
5	69282773	.	T	C	0.093	0.369	0.161	NA	NA	ENSG00000183323	0.094	1	0.30381	0.3552	0.6698	1
5	75426423	.	G	A	0.974	0.87	0.669	NA	NA	ENSG00000113163	0.128	1	0.85351	0.7445	0.85163	1
5	83519701	.	C	T	NA	NA	NA	NA	1	ENSG00000038427	1.833	1	NA	NA	NA	1
5	88804687	.	A	C	1.0	0.989	0.964	NA	NA	ENSG00000081189	0.02	1	0.93636	0.99684	0.99643	1
5	88804743	.	A	G	1.0	0.982	0.982	NA	NA	ENSG00000081189	0.117	1	0.93636	0.98283	0.99915	1
5	90685779	.	G	C	NA	NA	NA	1	NA	ENSG00000164199	0.051	NA	NA	NA	NA	1
5	90811093	.	G	T	0.131	NA	0.008	NA	NA	ENSG00000164199	0.105	1	0.45933	NA	0.00864	1
5	95891268	.	A	T	NA	NA	NA	1	NA	ENSG00000118985	0.02	NA	NA	NA	0.84751	1
5	115806483	.	G	A	0.43	0.79	0.536	NA	NA	ENSG00000129596	0.117	1	0.57863	0.67327	0.79942	1
5	122020483	.	G	A	0.077	0.346	0.037	NA	NA	ENSG00000151304	2.526	1	0.22983	0.30093	0.2063	1
5	132763817	.	C	T	NA	NA	NA	NA	1	ENSG00000164402	2.04	1	NA	NA	NA	1
5	135028931	.	C	T	0.09	0.516	0.495	NA	NA	ENSG00000069011	0.371	1	0.16872	0.20664	0.61247	1
5	138391668	.	C	T	0.097	0.594	0.082	NA	NA	ENSG00000120733	0.186	1	0.22102	0.36581	0.15311	1
5	140567207	.	G	A	0.105	0.332	0.039	NA	NA	ENSG00000176087	2.526	1	0.26922	0.15163	0.11115	1
5	141178947	.	A	G	0.082	0.417	0.092	NA	NA	ENSG00000120322	0.03	1	0.18967	0.47802	0.53223	1
5	141178999	.	C	T	0.434	0.664	0.51	NA	NA	ENSG00000120322	1.05	1	0.87363	0.88572	0.94413	1
5	141215049	.	A	G	0.418	0.681	0.468	NA	NA	ENSG00000187372	0.083	1	0.84274	0.85812	0.9112	1
5	141626212	.	C	T	0.904	0.678	0.647	NA	NA	ENSG00000171720	2.04	1	0.57149	0.25249	0.60274	1
5	149216965	.	G	A	0.871	0.794	0.799	NA	NA	ENSG00000173210	0.186	1	0.80693	0.69129	0.89921	1
5	151799964	.	C	T	NA	NA	NA	1	NA	ENSG00000145907	2.659	NA	NA	NA	NA	1
5	157509348	.	C	A	0.954	0.822	0.499	NA	NA	ENSG00000135074	0.03	1	0.91192	0.86003	0.82811	1
5	160094006	.	G	A	0.108	0.577	0.158	NA	NA	ENSG00000170234	0.128	1	0.32852	0.47256	0.62018	1
5	161331082	.	C	G	1.0	0.943	0.935	NA	NA	ENSG00000145864	0.105	1	0.9491	0.94116	0.92246	1
5	161334854	.	A	G	0.998	0.857	0.918	NA	NA	ENSG00000145864	0.083	1	0.8909	0.7858	0.88728	1
5	161336764	.	A	G	0.999	0.86	0.933	NA	NA	ENSG00000145864	0.117	1	0.91118	0.79071	0.91991	1
5	161865759	.	A	C	0.998	0.949	0.945	NA	NA	ENSG00000022355	0.051	1	0.89425	0.94843	0.93972	1
5	161895684	.	C	T	0.999	0.867	0.964	NA	NA	ENSG00000022355	0.128	1	0.92491	0.81324	0.97148	1
5	168495402	.	C	T	0.428	0.776	0.89	NA	NA	ENSG00000113643	2.408	1	0.60939	0.69233	0.94439	1
5	170385366	.	C	T	0.085	0.356	0.056	NA	NA	ENSG00000145936	3.219	1	0.16211	0.18189	0.25504	1
5	176589061	.	G	A	0.083	0.275	0.038	NA	NA	ENSG00000074276	2.659	1	0.19518	0.16852	0.134	1
5	177368902	.	C	G	NA	NA	NA	1	NA	ENSG00000169220	0.03	NA	NA	NA	0.40928	1
5	179615591	.	T	C	NA	NA	0.188	NA	NA	ENSG00000169045	0.062	1	NA	NA	0.46809	1
5	179723759	.	C	T	0.242	0.636	0.123	NA	NA	ENSG00000127022	0.223	1	0.47449	0.37454	0.32091	1
5	181050222	.	G	A	0.152	0.362	0.06	NA	NA	ENSG00000165810	0.062	1	0.51734	0.4049	0.40571	1
6	348124	.	C	T	NA	NA	0.432	NA	NA	ENSG00000112679	1.715	1	NA	NA	0.73442	1
6	10874708	.	T	C	0.085	0.541	0.181	NA	NA	ENSG00000124827	0.117	1	0.31506	0.57663	0.48169	1
6	11185313	.	T	C	0.196	NA	0.178	NA	NA	ENSG00000111859	0.051	1	0.60567	NA	0.53098	1
6	11185314	.	C	A	NA	NA	NA	1	NA	ENSG00000111859	0.094	NA	NA	NA	NA	1
6	15496914	.	C	T	NA	NA	NA	NA	1	ENSG00000008083	2.659	1	NA	NA	NA	1
6	17543094	.	A	G	0.06	0.492	0.175	NA	NA	ENSG00000112186	0.371	1	0.02077	0.24832	0.397	1
6	25819831	.	C	T	0.098	0.317	0.058	NA	NA	ENSG00000124568	0.151	1	0.22537	0.29854	0.16407	1
6	26090920	.	C	T	NA	NA	NA	NA	1	ENSG00000010704	1.772	1	NA	NA	NA	1
6	31667889	.	G	A	1.0	0.812	0.691	NA	NA	ENSG00000263020	0.198	1	0.95267	0.64003	0.86531	1
6	33276048	.	G	A	NA	NA	NA	NA	1	ENSG00000231500	0.117	1	NA	NA	NA	1
6	33441254	.	T	A	NA	NA	NA	1	NA	ENSG00000197283	0.02	NA	NA	NA	NA	1
6	33446740	.	C	T	NA	NA	NA	1	NA	ENSG00000197283	0.094	NA	NA	NA	NA	1
6	33781077	.	G	A	NA	NA	0.012	NA	NA	ENSG00000161904	2.04	1	NA	NA	0.05266	1
6	34035784	.	C	T	0.187	0.659	0.72	NA	NA	ENSG00000124493	2.207	1	0.31255	0.39569	0.65441	1
6	35777519	.	T	C	NA	NA	NA	NA	1	ENSG00000196748	0.083	1	NA	NA	NA	1
6	35991788	.	T	C	NA	NA	NA	NA	1	ENSG00000112053	0.094	1	NA	NA	NA	1
6	36330633	.	C	G	0.379	0.555	0.192	NA	NA	ENSG00000189325	0.041	1	0.94148	0.94955	0.93175	1
6	41034799	.	C	T	0.087	0.152	0.005	NA	NA	ENSG00000124602	0.105	1	0.28166	0.0079	0.00544	1
6	43446381	.	C	A	0.778	0.859	0.635	NA	NA	ENSG00000124574	0.073	1	0.91958	0.83109	0.60452	1
6	52277657	.	G	A	0.971	0.825	0.546	NA	NA	ENSG00000112118	0.174	1	0.87023	0.66688	0.8031	1
6	53651818	.	G	T	0.291	0.694	0.305	NA	NA	ENSG00000124743	0.186	1	0.45553	0.52463	0.4084	1
6	64591237	.	G	A	NA	NA	NA	1	NA	ENSG00000188107	0.151	NA	NA	NA	NA	1
6	68639203	.	G	C	0.455	0.637	0.165	NA	NA	ENSG00000135298	0.073	1	0.54678	0.28767	0.24831	1
6	98875577	.	A	G	1.0	0.915	0.554	NA	NA	ENSG00000112234	0.062	1	0.99361	0.94017	0.89473	1
6	99383756	.	T	C	0.06	0.144	0.033	NA	NA	ENSG00000132423	0.357	1	0.0484	0.01113	0.23904	1
6	101818484	.	G	A	NA	NA	NA	1	NA	ENSG00000164418	0.198	NA	NA	NA	NA	1
6	106665804	.	T	C	NA	NA	NA	NA	1	ENSG00000130348	0.094	1	NA	NA	NA	1
6	111375962	.	A	C	0.988	0.942	0.423	NA	NA	ENSG00000009413	0.062	1	0.97272	0.95955	0.88905	1
6	116880651	.	C	T	0.992	0.877	0.859	NA	NA	ENSG00000185002	2.207	1	0.88788	0.86129	0.9424	1
6	118558981	.	G	A	0.097	0.343	0.296	NA	NA	ENSG00000198523	0.139	1	0.11625	0.01089	0.04844	1
6	119201347	.	C	T	0.203	0.662	0.377	NA	NA	ENSG00000111885	0.211	1	0.46092	0.49118	0.47261	1
6	122399747	.	A	C	0.881	0.673	0.168	NA	NA	ENSG00000025156	0.03	1	0.7994	0.63003	0.39313	1
6	127286833	.	T	C	1.0	0.943	0.945	NA	NA	ENSG00000118518	0.105	1	0.94654	0.97185	0.98182	1
6	130865557	.	C	T	NA	NA	NA	NA	1	ENSG00000079819	1.514	1	NA	NA	NA	1
6	135036910	.	C	T	NA	NA	0.043	NA	NA	ENSG00000112339	1.514	1	NA	NA	0.12788	1
6	136268173	.	G	A	NA	NA	NA	1	NA	ENSG00000029363	1.661	NA	NA	NA	0.08974	1
6	142753577	.	G	A	NA	NA	NA	1	NA	ENSG00000010818	0.139	NA	NA	NA	NA	1
6	144836345	.	G	A	0.067	0.335	0.033	NA	NA	ENSG00000152818	2.207	1	0.05351	0.17604	0.07599	1
6	149579955	.	A	G	0.9	0.738	0.399	NA	NA	ENSG00000055211	0.083	1	0.98119	0.93489	0.92405	1
6	159036443	.	C	A	0.082	0.402	0.019	NA	NA	ENSG00000164691	0.094	1	0.22518	0.49743	0.12659	1
6	26027095	.	T	C	NA	0.815	0.536	NA	NA	ENSG00000278705	0.051	1	NA	0.7535	0.49754	1
6	26204939	.	T	C	NA	0.718	0.317	NA	NA	ENSG00000276966	0.186	1	NA	0.34796	0.13559	1
6	56648571	.	T	G	NA	NA	0.627	NA	NA	ENSG00000151914	0.03	1	NA	NA	0.95348	1
7	15686287	.	G	A	0.295	0.698	0.523	NA	NA	ENSG00000106511	0.128	1	0.52315	0.57446	0.59183	1
7	18648599	.	G	A	NA	NA	NA	NA	1	ENSG00000048052	2.207	1	NA	NA	NA	1
7	31085341	.	A	G	0.269	0.715	0.523	NA	NA	ENSG00000078549	0.386	1	0.44134	0.60659	0.77561	1
7	36417161	.	C	T	0.105	0.42	0.045	NA	NA	ENSG00000011426	0.186	1	0.38591	0.2814	0.15814	1
7	40316764	.	C	T	0.613	0.684	0.226	NA	NA	ENSG00000175600	2.04	1	0.64378	0.64486	0.60689	1
7	43866925	.	C	A	0.713	0.764	0.509	NA	NA	ENSG00000062582	0.301	1	0.83811	0.8294	0.85668	1
7	44229459	.	G	A	0.074	NA	0.053	NA	NA	ENSG00000058404	1.609	1	0.09382	NA	0.21792	1
7	74037718	.	G	A	0.509	0.664	0.404	NA	NA	ENSG00000049540	0.117	1	0.61124	0.88032	0.91604	1
7	76329934	.	G	C	1.0	0.819	0.524	NA	NA	ENSG00000170027	0.083	1	0.83022	0.6973	0.64967	1
7	83981343	.	G	A	0.788	0.901	0.467	NA	NA	ENSG00000075213	1.772	1	0.71411	0.8963	0.73807	1
7	86892968	.	C	T	0.091	0.529	0.124	NA	NA	ENSG00000164659	2.996	1	0.18866	0.27187	0.43025	1
7	87885063	.	A	G	0.077	0.323	0.028	NA	NA	ENSG00000006634	0.105	1	0.16288	0.19886	0.11722	1
7	92070959	.	G	C	0.231	0.681	0.235	NA	NA	ENSG00000127914	0.062	1	0.68853	0.85544	0.87769	1
7	92123834	.	G	A	NA	0.639	0.185	NA	NA	ENSG00000289027	1.966	1	NA	0.36558	0.23134	1
7	92578177	.	C	T	NA	NA	NA	NA	1	ENSG00000234545	0.151	1	NA	NA	NA	1
7	99057264	.	C	T	0.722	0.78	0.367	NA	NA	ENSG00000198742	2.659	1	0.5442	0.39748	0.482	1
7	100097644	.	C	G	0.444	0.693	0.198	NA	NA	ENSG00000166508	0.041	1	0.49363	0.41803	0.36782	1
7	100098659	.	G	T	NA	NA	NA	NA	1	ENSG00000166508	0.041	1	NA	NA	NA	1
7	105555091	.	T	C	0.991	0.938	0.627	NA	NA	ENSG00000135249	0.051	1	0.97744	0.98029	0.94283	1
7	111746394	.	G	C	0.073	0.561	0.09	NA	NA	ENSG00000128512	0.073	1	0.06142	0.17011	0.2304	1
7	122698135	.	G	A	0.091	0.389	0.024	NA	NA	ENSG00000188050	3.219	1	0.36535	0.37577	0.09282	1
7	127595454	.	C	T	0.116	0.602	0.149	NA	NA	ENSG00000106328	1.897	1	0.38846	0.6875	0.59768	1
7	128852602	.	A	G	0.074	0.535	0.227	NA	NA	ENSG00000128591	0.315	1	0.05016	0.12807	0.09096	1
7	128904129	.	T	C	0.726	0.645	NA	NA	NA	ENSG00000135253	0.139	1	0.90823	0.75351	NA	1
7	131463222	.	A	G	0.196	0.783	0.296	NA	NA	ENSG00000128585	0.799	1	0.24001	0.35964	0.41753	1
7	138113691	.	T	C	0.72	NA	0.329	NA	NA	ENSG00000122787	0.073	1	0.83753	NA	0.63598	1
7	138656466	.	A	G	NA	NA	NA	NA	1	ENSG00000157703	0.151	1	NA	NA	NA	1
7	139089631	.	A	T	0.904	0.745	0.212	NA	NA	ENSG00000105939	0.02	1	0.93156	0.9237	0.84044	1
7	140778048	.	A	C	0.99	0.948	0.87	NA	NA	ENSG00000157764	0.03	1	0.80745	0.94789	0.89078	1
7	141779295	.	C	T	NA	NA	NA	NA	1	ENSG00000127364	0.151	1	NA	NA	NA	1
7	143935845	.	G	C	0.088	0.199	0.03	NA	NA	ENSG00000221910	0.03	1	0.1944	0.03326	0.13704	1
7	149011975	.	C	T	0.315	0.781	0.294	NA	NA	ENSG00000155660	1.609	1	0.59957	0.75161	0.61472	1
7	149207368	.	C	T	0.105	0.236	0.054	NA	NA	ENSG00000170265	0.128	1	0.08077	0.01847	0.27111	1
7	149764638	.	T	A	NA	NA	0.042	NA	NA	ENSG00000181444	0.013	1	NA	NA	0.23061	1
7	33017534	.	C	T	NA	0.989	0.944	NA	NA	ENSG00000122643	0.128	1	NA	0.99539	0.96959	1
8	8377081	.	C	A	0.107	0.465	0.07	NA	NA	ENSG00000275342	0.117	1	0.39526	0.43317	0.27328	1
8	9141103	.	A	C	NA	NA	NA	NA	1	ENSG00000173281	0.073	1	NA	NA	NA	1
8	10622875	.	G	A	NA	NA	NA	NA	1	ENSG00000183638	0.236	1	NA	NA	NA	1
8	17268889	.	C	T	NA	NA	NA	1	NA	ENSG00000155975	0.105	NA	NA	NA	NA	1
8	17754069	.	T	C	0.1	NA	0.043	NA	NA	ENSG00000129422	0.186	1	0.33165	NA	0.27671	1
8	22566856	.	C	A	0.958	0.855	0.524	NA	NA	ENSG00000120896	0.094	1	0.94603	0.949	0.9534	1
8	22690601	.	C	G	0.984	0.814	0.418	NA	NA	ENSG00000179388	0.094	1	0.90373	0.79621	0.862	1
8	25887844	.	C	T	0.995	0.93	0.523	NA	NA	ENSG00000221818	1.897	1	0.76883	0.76706	0.73571	1
8	25908475	.	T	A	0.985	0.946	0.591	NA	NA	ENSG00000221818	0.02	1	0.70658	0.83775	0.838	1
8	27434525	.	C	T	NA	NA	0.038	NA	NA	ENSG00000120899	0.163	1	NA	NA	0.02425	1
8	30837638	.	T	C	NA	NA	NA	NA	1	ENSG00000133863	0.041	1	NA	NA	NA	1
8	31147080	.	T	C	NA	NA	NA	NA	1	ENSG00000165392	0.041	1	NA	NA	NA	1
8	38329568	.	G	A	0.095	0.63	0.624	NA	NA	ENSG00000147548	2.207	1	0.16129	0.37811	0.67461	1
8	41668332	.	G	A	0.068	0.492	0.204	NA	NA	ENSG00000029534	2.303	1	0.04914	0.17967	0.40275	1
8	41932706	.	G	A	NA	NA	NA	NA	1	ENSG00000083168	0.117	1	NA	NA	NA	1
8	85465317	.	G	T	0.336	0.731	0.561	NA	NA	ENSG00000104267	0.163	1	0.56866	0.72867	0.6122	1
8	86556114	.	C	T	0.883	0.823	0.636	NA	NA	ENSG00000085719	0.139	1	0.75514	0.74141	0.8488	1
8	100709210	.	G	A	0.167	0.718	0.206	NA	NA	ENSG00000070756	0.117	1	0.09016	0.1852	0.30908	1
8	109322349	.	A	T	0.693	0.87	0.342	NA	NA	ENSG00000120526	0.013	1	0.82168	0.93883	0.77135	1
8	120297581	.	C	T	0.434	0.827	0.697	NA	NA	ENSG00000187955	0.139	1	0.70145	0.88359	0.85418	1
8	124977692	.	A	T	0.473	0.708	0.194	NA	NA	ENSG00000180938	0.013	1	0.64113	0.92924	0.77808	1
8	142344445	.	C	T	0.065	0.223	0.022	NA	NA	ENSG00000171045	2.303	1	0.03421	0.07534	0.13428	1
8	143539299	.	G	A	0.196	0.524	0.03	NA	NA	ENSG00000014164	0.198	1	0.68345	0.56509	0.14468	1
8	143809650	.	C	T	NA	NA	NA	NA	1	ENSG00000180900	0.163	1	NA	NA	NA	1
8	144059895	.	C	T	NA	NA	NA	NA	1	ENSG00000178814	1.833	1	NA	NA	NA	1
9	2119494	.	C	G	0.395	0.831	0.3	NA	NA	ENSG00000080503	0.073	1	0.37501	0.54002	0.29926	1
9	3266287	.	A	G	0.99	0.915	0.693	NA	NA	ENSG00000080298	0.083	1	0.79093	0.85586	0.92155	1
9	3828296	.	G	C	NA	NA	NA	NA	1	ENSG00000107249	0.211	1	NA	NA	NA	1
9	4834207	.	G	T	0.09	0.529	0.06	NA	NA	ENSG00000120158	0.236	1	0.12618	0.16191	0.10481	1
9	5069095	.	C	G	0.54	0.663	0.702	NA	NA	ENSG00000096968	0.094	1	0.65151	0.50189	0.75464	1
9	14806774	.	T	C	0.634	0.859	0.586	NA	NA	ENSG00000164946	0.105	1	0.91127	0.96316	0.93092	1
9	15472715	.	G	A	NA	NA	NA	NA	1	ENSG00000164985	0.151	1	NA	NA	NA	1
9	20923696	.	T	G	NA	NA	NA	NA	1	ENSG00000188352	0.03	1	NA	NA	NA	1
9	32466384	.	A	G	0.091	0.438	0.17	NA	NA	ENSG00000288684	0.315	1	0.25357	0.39152	0.64045	1
9	34557978	.	G	A	0.971	0.827	0.523	NA	NA	ENSG00000122756	0.868	1	0.87831	0.92458	0.92463	1
9	34656849	.	C	A	0.074	0.498	0.048	NA	NA	ENSG00000137070	0.051	1	0.15746	0.50512	0.17299	1
9	35752660	.	A	G	0.07	0.352	0.036	NA	NA	ENSG00000107185	0.062	1	0.05139	0.04855	0.02267	1
9	71700725	.	G	A	NA	NA	NA	NA	1	ENSG00000135048	1.772	1	NA	NA	NA	1
9	71874853	.	G	C	NA	NA	NA	NA	1	ENSG00000107362	0.02	1	NA	NA	NA	1
9	84955504	.	C	T	0.943	0.881	0.742	NA	NA	ENSG00000148053	0.117	1	0.75952	0.74547	0.74839	1
9	87728641	.	G	A	0.42	0.407	0.112	NA	NA	ENSG00000135047	0.163	1	0.59719	0.33014	0.24136	1
9	88462620	.	G	A	0.166	0.588	0.284	NA	NA	ENSG00000106723	2.408	1	0.15213	0.10756	0.56614	1
9	93654465	.	A	T	0.161	0.563	0.146	NA	NA	ENSG00000197724	0.041	1	0.34956	0.24732	0.3522	1
9	93663575	.	C	G	0.141	0.656	0.07	NA	NA	ENSG00000197724	0.051	1	0.30814	0.39451	0.15514	1
9	98306236	.	A	T	0.995	0.975	0.909	NA	NA	ENSG00000136928	0.03	1	0.89394	0.9784	0.92455	1
9	98306266	.	C	A	0.997	0.922	0.97	NA	NA	ENSG00000136928	0.03	1	0.91171	0.91047	0.99554	1
9	98306273	.	C	A	1.0	0.991	0.931	NA	NA	ENSG00000136928	0.128	1	0.97206	0.99941	0.95041	1
9	103003225	.	A	C	NA	NA	NA	NA	1	ENSG00000155833	0.02	1	NA	NA	NA	1
9	104750974	.	A	G	0.097	0.49	0.257	NA	NA	ENSG00000136783	0.248	1	0.22653	0.36407	0.48116	1
9	104822559	.	T	C	0.078	0.499	0.277	NA	NA	ENSG00000165029	0.094	1	0.08137	0.16727	0.17851	1
9	112804886	.	A	T	0.693	0.735	0.205	NA	NA	ENSG00000148158	0.013	1	0.70013	0.6663	0.46767	1
9	115038267	.	C	T	0.085	0.545	0.114	NA	NA	ENSG00000041982	1.661	1	0.13617	0.33473	0.34438	1
9	117291434	.	G	A	NA	NA	NA	NA	1	ENSG00000148219	1.609	1	NA	NA	NA	1
9	127195175	.	C	T	0.106	0.694	0.163	NA	NA	ENSG00000136828	0.174	1	0.20255	0.44834	0.50931	1
9	127663343	.	C	T	0.989	0.96	0.904	NA	NA	ENSG00000136854	2.408	1	0.8323	0.94891	0.84874	1
9	127672091	.	C	T	0.998	0.911	0.96	NA	NA	ENSG00000136854	0.117	1	0.94413	0.83004	0.97513	1
9	127682489	.	G	A	0.998	0.986	0.991	NA	NA	ENSG00000136854	0.248	1	0.94413	0.98817	0.99934	1
9	127727089	.	C	T	NA	NA	NA	NA	1	ENSG00000167094	1.609	1	NA	NA	NA	1
9	127945475	.	C	A	0.109	0.698	0.256	NA	NA	ENSG00000167106	0.117	1	0.26386	0.40098	0.53252	1
9	128218263	.	C	A	0.999	0.959	0.945	NA	NA	ENSG00000106976	0.073	1	0.94952	0.95815	0.96491	1
9	128219192	.	G	C	0.997	0.978	0.937	NA	NA	ENSG00000106976	0.051	1	0.91021	0.97696	0.95139	1
9	128220016	.	G	C	1.0	0.964	0.898	NA	NA	ENSG00000106976	0.041	1	0.97515	0.96412	0.89164	1
9	128222544	.	G	C	0.998	0.885	0.797	NA	NA	ENSG00000106976	0.051	1	0.92656	0.7489	0.73469	1
9	128222832	.	T	G	0.98	0.894	0.723	NA	NA	ENSG00000106976	0.013	1	0.76369	0.77173	0.63422	1
9	130668182	.	C	T	0.481	0.778	0.512	NA	NA	ENSG00000130711	2.408	1	0.48533	0.79492	0.81038	1
9	130693807	.	A	G	0.378	0.747	0.15	NA	NA	ENSG00000130713	0.051	1	0.468	0.40219	0.21726	1
9	131626394	.	G	A	NA	NA	NA	NA	1	ENSG00000107263	0.128	1	NA	NA	NA	1
9	132327573	.	A	C	0.206	0.719	0.445	NA	NA	ENSG00000107290	0.062	1	0.61094	0.77428	0.71893	1
9	135119641	.	C	T	NA	NA	NA	NA	1	ENSG00000130558	2.813	1	NA	NA	NA	1
9	135758439	.	G	A	0.337	0.816	0.458	NA	NA	ENSG00000107147	2.659	1	0.47159	0.50265	0.70215	1
9	135779400	.	C	T	0.883	0.952	0.906	NA	NA	ENSG00000107147	0.174	1	0.77073	0.91736	0.98869	1
9	136840472	.	G	A	0.216	0.537	0.152	NA	NA	ENSG00000196642	2.12	1	0.58889	0.43615	0.56822	1
9	137013126	.	T	C	NA	NA	NA	NA	1	ENSG00000107331	0.117	1	NA	NA	NA	1
9	137111984	.	C	T	0.9	0.664	0.689	NA	NA	ENSG00000176978	1.715	1	0.88908	0.71661	0.93567	1
9	137162666	.	A	C	0.998	0.938	0.911	NA	NA	ENSG00000176884	0.03	1	0.87218	0.97986	0.99116	1
9	137163668	.	G	A	1.0	0.922	0.769	NA	NA	ENSG00000176884	1.966	1	0.94618	0.95782	0.90037	1
9	137587097	.	G	T	NA	NA	NA	NA	1	ENSG00000165724	0.073	1	NA	NA	NA	1
9	137614163	.	T	C	NA	NA	NA	NA	1	ENSG00000197070	0.073	1	NA	NA	NA	1
